HMMER3/f [3.4 | Aug 2023]
NAME  antiterm
LENG  131
ALPH  amino
RF    no
MM    no
CONS  yes
CS    no
MAP   yes
DATE  Tue Sep 17 20:31:19 2024
NSEQ  354
EFFN  2.082321
CKSUM 3972178850
STATS LOCAL MSV       -9.8498  0.71177
STATS LOCAL VITERBI  -10.7424  0.71177
STATS LOCAL FORWARD   -4.5112  0.71177
HMM          A        C        D        E        F        G        H        I        K        L        M        N        P        Q        R        S        T        V        W        Y   
            m->m     m->i     m->d     i->m     i->i     d->m     d->d
  COMPO   2.49558  3.99016  2.91260  2.67897  3.54869  2.89917  3.72218  2.75603  2.66555  2.40597  3.33746  3.19319  3.62168  3.05273  2.87202  2.66092  2.95239  2.65746  4.22306  3.48047
          2.68618  4.42225  2.77519  2.73123  3.46354  2.40513  3.72494  3.29354  2.67741  2.69355  4.24690  2.90347  2.73739  3.18146  2.89801  2.37887  2.77519  2.98518  4.58477  3.61503
          0.01555  4.56737  5.28972  0.61958  0.77255  0.00000        *
      1   3.70566  5.16540  4.91511  4.61891  3.75526  4.43686  5.19422  3.01687  4.34623  2.28578  0.48171  4.79497  4.94439  4.69955  4.45733  4.09999  4.04848  3.09686  5.64755  4.45897      1 M - - -
          2.68623  4.42225  2.77527  2.73126  3.46354  2.40515  3.72499  3.29357  2.67745  2.69353  4.24665  2.90354  2.73745  3.18149  2.89760  2.37887  2.77518  2.98518  4.58480  3.61506
          0.06060  2.92331  5.28972  1.43100  0.27321  0.48576  0.95510
      2   2.76576  4.92967  3.11868  2.55058  4.20473  3.53484  3.73921  3.58279  2.23723  3.08500  4.08004  2.55933  3.95318  2.86821  1.57582  2.60175  2.88115  3.41588  5.52367  4.18002    110 r - - -
          2.68629  4.42248  2.77510  2.73063  3.46385  2.40527  3.72488  3.29368  2.67714  2.69290  4.24721  2.90365  2.73770  3.18118  2.89816  2.37915  2.77499  2.98544  4.58508  3.61534
          0.17990  1.83507  5.28972  1.80891  0.17893  0.48576  0.95510
      3   2.72255  5.14182  1.48819  2.48308  4.39981  3.36338  3.51660  3.87024  2.57643  3.42359  4.21525  2.51851  3.95725  2.91041  3.06276  2.76908  3.03598  3.38889  3.26303  4.22352    123 d - - -
          2.68618  4.42225  2.77519  2.73123  3.46354  2.40513  3.72494  3.29354  2.67741  2.69355  4.24690  2.90347  2.73739  3.18146  2.89801  2.37887  2.77519  2.98518  4.58477  3.61503
          0.01555  4.56737  5.28972  0.61958  0.77255  0.48576  0.95510
      4   3.14328  4.48063  4.99381  4.41338  3.47713  3.96087  4.76835  1.36793  4.25411  1.86964  1.75467  4.50955  4.70437  4.39992  4.32620  3.72600  3.37803  1.92345  5.22667  4.07525    124 i - - -
          2.68618  4.42225  2.77519  2.73123  3.46354  2.40513  3.72494  3.29354  2.67741  2.69355  4.24690  2.90347  2.73739  3.18146  2.89801  2.37887  2.77519  2.98518  4.58477  3.61503
          0.02115  4.63978  4.48593  0.61958  0.77255  0.48576  0.95510
      5   2.81009  5.19931  3.09072  2.53540  4.51368  3.58097  3.38659  3.96601  2.19768  3.47973  4.25286  2.72512  3.84563  1.62064  2.71530  2.73940  3.03555  3.57734  5.63210  2.70537    125 q - - -
          2.68608  4.42242  2.77519  2.73129  3.46336  2.40518  3.72496  3.29331  2.67758  2.69350  4.24707  2.90350  2.73722  3.18128  2.89798  2.37892  2.77531  2.98521  4.58494  3.61507
          0.02780  3.78578  5.35553  2.35772  0.09942  0.49861  0.93489
      6   2.56537  5.15583  2.65711  1.79585  4.46300  3.19160  3.65278  3.79914  2.46219  2.60609  3.51732  2.92237  3.26972  2.56221  2.95830  2.68021  2.97173  3.42329  5.61186  4.22487    173 e - - -
          2.68618  4.42225  2.77519  2.73123  3.46354  2.40513  3.72494  3.29354  2.67741  2.69355  4.24690  2.90347  2.73739  3.18146  2.89801  2.37887  2.77519  2.98518  4.58477  3.61503
          0.01455  4.63319  5.35553  0.61958  0.77255  0.49861  0.93489
      7   2.61413  4.18914  4.30596  3.88217  3.11395  3.91650  4.24005  2.25640  3.72153  2.35645  3.30654  3.98978  4.28255  3.90341  3.82352  2.95474  3.00629  1.23009  3.13013  3.62794    174 v - - -
          2.68618  4.42225  2.77519  2.73123  3.46354  2.40513  3.72494  3.29354  2.67741  2.69355  4.24690  2.90347  2.73739  3.18146  2.89801  2.37887  2.77519  2.98518  4.58477  3.61503
          0.01976  4.63319  4.62096  0.61958  0.77255  0.49861  0.93489
      8   3.99781  5.26509  5.59045  5.11610  3.36232  5.19474  5.52107  2.59670  4.83664  0.39838  3.05416  5.34710  5.32594  4.91533  4.86719  4.67092  4.23233  2.84543  5.58345  4.49937    175 L - - -
          2.68618  4.42225  2.77519  2.73123  3.46354  2.40513  3.72494  3.29354  2.67741  2.69355  4.24690  2.90347  2.73739  3.18146  2.89801  2.37887  2.77519  2.98518  4.58477  3.61503
          0.01463  4.62805  5.35040  0.61958  0.77255  0.50844  0.91987
      9   2.71529  5.20185  2.87114  1.27098  4.53323  3.30974  3.80444  3.98874  2.58930  3.40872  4.01810  3.04036  3.97482  2.92755  3.07729  2.12259  3.06256  3.59470  5.70128  4.31293    176 e - - -
          2.68618  4.42225  2.77519  2.73123  3.46354  2.40513  3.72494  3.29354  2.67741  2.69355  4.24690  2.90347  2.73739  3.18146  2.89801  2.37887  2.77519  2.98518  4.58477  3.61503
          0.01463  4.62805  5.35040  0.61958  0.77255  0.50844  0.91987
     10   2.73127  5.07444  3.51078  2.88620  4.36191  3.78073  3.86890  3.73241  2.30192  2.97077  4.16928  3.34042  4.15692  3.02907  1.08227  3.05086  2.91869  3.43746  5.52023  3.91004    177 r - - -
          2.68618  4.42225  2.77519  2.73123  3.46354  2.40513  3.72494  3.29354  2.67741  2.69355  4.24690  2.90347  2.73739  3.18146  2.89801  2.37887  2.77519  2.98518  4.58477  3.61503
          0.01463  4.62805  5.35040  0.61958  0.77255  0.50844  0.91987
     11   4.26491  5.43882  5.18322  4.91650  2.34749  4.90362  3.89652  3.97341  4.57058  3.06436  4.53228  4.57067  5.21746  4.62663  4.57572  4.31731  4.48637  3.90830  0.60127  2.03961    178 W - - -
          2.68618  4.42225  2.77519  2.73123  3.46354  2.40513  3.72494  3.29354  2.67741  2.69355  4.24690  2.90347  2.73739  3.18146  2.89801  2.37887  2.77519  2.98518  4.58477  3.61503
          0.01457  4.63168  5.35403  0.61958  0.77255  0.50844  0.91987
     12   2.69611  4.63593  4.07985  3.97419  4.90305  0.48591  4.99629  4.27967  4.08317  4.06469  4.97184  3.96144  4.21866  4.35245  4.28949  2.92930  3.27179  3.14045  6.28055  5.09046    179 G - - -
          2.68618  4.42225  2.77519  2.73123  3.46354  2.40513  3.72494  3.29354  2.67741  2.69355  4.24690  2.90347  2.73739  3.18146  2.89801  2.37887  2.77519  2.98518  4.58477  3.61503
          0.01457  4.63168  5.35403  0.61958  0.77255  0.50844  0.91987
     13   2.04546  4.99518  3.10143  2.55273  4.25877  2.85177  3.76911  3.66018  2.55088  3.26963  4.07138  2.61312  3.95632  2.60333  2.46654  2.66448  2.97958  2.34745  5.49508  4.14941    180 a - - -
          2.68618  4.42225  2.77519  2.73123  3.46354  2.40513  3.72494  3.29354  2.67741  2.69355  4.24690  2.90347  2.73739  3.18146  2.89801  2.37887  2.77519  2.98518  4.58477  3.61503
          0.01457  4.63168  5.35403  0.61958  0.77255  0.50844  0.91987
     14   3.51701  5.05487  4.43700  3.99899  2.86176  4.29435  4.07959  3.33732  3.45486  2.94731  4.12163  4.13177  4.71989  3.58530  3.54352  3.70816  3.77974  3.41364  0.71148  2.85743    181 w - - -
          2.68618  4.42225  2.77519  2.73123  3.46354  2.40513  3.72494  3.29354  2.67741  2.69355  4.24690  2.90347  2.73739  3.18146  2.89801  2.37887  2.77519  2.98518  4.58477  3.61503
          0.02371  4.63168  4.29111  0.61958  0.77255  0.50844  0.91987
     15   0.88807  4.45039  4.16569  3.70454  4.06457  3.54076  4.53063  2.92868  3.63020  3.07158  4.01411  3.84115  4.18601  3.90711  3.89729  2.58268  3.09189  2.11496  5.55537  4.35340    182 a - - -
          2.68618  4.42225  2.77519  2.73123  3.46354  2.40513  3.72494  3.29354  2.67741  2.69355  4.24690  2.90347  2.73739  3.18146  2.89801  2.37887  2.77519  2.98518  4.58477  3.61503
          0.01471  4.62268  5.34503  0.61958  0.77255  0.52539  0.89483
     16   2.16439  4.57506  3.30535  2.74391  3.79225  3.62638  3.84702  2.82907  2.51906  2.95152  3.80560  3.22797  4.01224  2.92908  2.09029  2.41455  2.96994  2.82925  5.26051  3.00643    183 r - - -
          2.68614  4.42185  2.77527  2.73130  3.46367  2.40504  3.72442  3.29367  2.67754  2.69368  4.24703  2.90336  2.73753  3.18150  2.89814  2.37858  2.77508  2.98531  4.58490  3.61516
          0.47138  0.99132  5.34503  0.31118  1.31895  0.52539  0.89483
     17   2.80397  4.12488  1.85211  1.68145  4.60374  2.76701  3.76105  4.08056  2.53148  3.57846  4.33529  2.99768  3.94874  2.84297  2.93277  2.58574  3.04150  3.66034  5.72752  4.27503    193 e - - -
          2.68623  4.42230  2.77525  2.73088  3.46359  2.40518  3.72500  3.29359  2.67722  2.69360  4.24695  2.90342  2.73745  3.18151  2.89806  2.37892  2.77525  2.98523  4.58482  3.61491
          0.11335  2.27900  5.34503  0.66641  0.72062  0.52539  0.89483
     18   2.73880  3.28234  2.78491  2.34773  4.49234  3.06458  3.11991  3.95801  2.46117  3.46919  4.22544  2.15516  3.91604  2.82095  2.37750  2.33473  2.93810  3.44652  5.62713  4.20827    196 n - - -
          2.68619  4.42184  2.77521  2.73125  3.46355  2.40514  3.72496  3.29355  2.67739  2.69356  4.24691  2.90339  2.73741  3.18148  2.89796  2.37888  2.77521  2.98520  4.58478  3.61504
          0.05312  3.05847  5.34503  0.53507  0.88099  0.52539  0.89483
     19   2.43181  4.71132  3.26607  2.61049  3.95208  3.57822  3.75913  3.03803  2.56144  2.44005  3.55633  3.00109  3.78315  2.98950  3.11453  1.78425  2.58897  3.06498  5.29462  3.99978    199 s - - -
          2.68618  4.42225  2.77519  2.73123  3.46354  2.40513  3.72494  3.29354  2.67741  2.69355  4.24690  2.90347  2.73739  3.18146  2.89801  2.37887  2.77519  2.98518  4.58477  3.61503
          0.01471  4.62268  5.34503  0.61958  0.77255  0.49737  0.93682
     20   2.77572  5.18228  2.70400  2.23685  4.48938  1.79386  3.75299  3.94842  2.51922  3.29836  4.24368  2.93051  3.94437  2.82561  2.89113  2.18095  3.01075  3.24748  5.64671  4.25854    200 g - - -
          2.68618  4.42225  2.77519  2.73123  3.46354  2.40513  3.72494  3.29354  2.67741  2.69355  4.24690  2.90347  2.73739  3.18146  2.89801  2.37887  2.77519  2.98518  4.58477  3.61503
          0.01457  4.63168  5.35403  0.61958  0.77255  0.50844  0.91987
     21   2.58439  4.26483  4.14393  3.56082  3.38056  3.83524  4.15981  2.02699  2.88481  2.29822  3.21053  3.80495  4.22984  3.68920  3.31130  3.14275  2.59288  1.52335  4.89031  3.69363    201 v - - -
          2.68618  4.42225  2.77519  2.73123  3.46354  2.40513  3.72494  3.29354  2.67741  2.69355  4.24690  2.90347  2.73739  3.18146  2.89801  2.37887  2.77519  2.98518  4.58477  3.61503
          0.01457  4.63168  5.35403  0.61958  0.77255  0.50844  0.91987
     22   2.69608  4.42040  1.67737  2.23425  4.52999  2.72233  3.70836  3.99911  2.48180  3.50544  4.26136  2.93328  3.92872  2.83722  2.51276  2.73362  2.99409  3.58809  5.65977  3.87478    202 d - - -
          2.68618  4.42225  2.77519  2.73123  3.46354  2.40513  3.72494  3.29354  2.67741  2.69355  4.24690  2.90347  2.73739  3.18146  2.89801  2.37887  2.77519  2.98518  4.58477  3.61503
          0.01457  4.63168  5.35403  0.61958  0.77255  0.50844  0.91987
     23   3.63682  5.03379  4.66701  4.21020  2.40814  4.50617  3.88586  3.56825  4.04766  3.05827  3.83247  4.22137  4.83558  2.68750  4.20271  3.81920  3.85738  3.41274  2.00453  0.93984    203 y - - -
          2.68618  4.42225  2.77519  2.73123  3.46354  2.40513  3.72494  3.29354  2.67741  2.69355  4.24690  2.90347  2.73739  3.18146  2.89801  2.37887  2.77519  2.98518  4.58477  3.61503
          0.01457  4.63168  5.35403  0.61958  0.77255  0.50844  0.91987
     24   2.83308  5.06310  3.10089  2.64078  4.41840  3.57564  3.86688  3.85132  2.41315  3.38337  4.23367  3.15091  2.46647  2.86524  3.03808  1.30756  3.08954  3.49141  5.62801  4.15496    204 s - - -
          2.68618  4.42225  2.77519  2.73123  3.46354  2.40513  3.72494  3.29354  2.67741  2.69355  4.24690  2.90347  2.73739  3.18146  2.89801  2.37887  2.77519  2.98518  4.58477  3.61503
          0.01457  4.63168  5.35403  0.61958  0.77255  0.50844  0.91987
     25   2.31360  4.97601  3.12936  2.59770  4.31692  3.09827  3.31065  3.68576  2.56806  3.32990  4.12837  3.02704  1.93929  2.95413  3.05378  2.10351  2.79397  3.38764  5.55010  4.20469    205 p - - -
          2.68618  4.42225  2.77519  2.73123  3.46354  2.40513  3.72494  3.29354  2.67741  2.69355  4.24690  2.90347  2.73739  3.18146  2.89801  2.37887  2.77519  2.98518  4.58477  3.61503
          0.01457  4.63168  5.35403  0.61958  0.77255  0.50844  0.91987
     26   3.43948  4.69811  5.39035  4.84932  3.70220  4.85651  5.32592  0.92563  4.72913  2.01199  2.32576  4.98328  5.09102  4.86714  4.81505  4.22633  3.53191  1.68333  5.66950  4.53855    206 i - - -
          2.68618  4.42225  2.77519  2.73123  3.46354  2.40513  3.72494  3.29354  2.67741  2.69355  4.24690  2.90347  2.73739  3.18146  2.89801  2.37887  2.77519  2.98518  4.58477  3.61503
          0.04849  4.63168  3.28100  0.61958  0.77255  0.50844  0.91987
     27   1.32176  4.04273  3.73496  3.19308  3.77658  3.43199  4.11334  2.46435  3.14469  2.85123  3.73698  3.14123  4.08168  3.44195  3.48646  2.22742  2.96617  2.75647  5.21402  3.98650    207 a - - -
          2.68618  4.42225  2.77519  2.73123  3.46354  2.40513  3.72494  3.29354  2.67741  2.69355  4.24690  2.90347  2.73739  3.18146  2.89801  2.37887  2.77519  2.98518  4.58477  3.61503
          0.03399  4.59827  3.75701  0.61958  0.77255  0.56923  0.83462
     28   1.00315  4.42128  4.06461  3.57561  3.90972  3.01164  4.40662  2.66487  3.50736  2.91582  3.86102  3.77541  4.17286  3.78670  3.78801  2.95762  3.05964  2.13846  5.40518  4.19807    208 a - - -
          2.68618  4.42225  2.77519  2.73123  3.46354  2.40513  3.72494  3.29354  2.67741  2.69355  4.24690  2.90347  2.73739  3.18146  2.89801  2.37887  2.77519  2.98518  4.58477  3.61503
          0.01536  4.57963  5.30198  0.61958  0.77255  0.60078  0.79492
     29   2.78323  5.01588  3.02123  2.31748  4.34896  1.49211  3.85961  3.56087  2.66041  3.36319  4.17993  3.11675  4.00032  2.76510  3.11147  2.83334  2.32745  3.42056  5.59336  4.25288    209 g - - -
          2.68620  4.42227  2.77522  2.73126  3.46356  2.40515  3.72497  3.29356  2.67743  2.69357  4.24692  2.90349  2.73742  3.18149  2.89803  2.37889  2.77522  2.98521  4.58479  3.61414
          0.21743  2.29522  2.35728  0.28706  1.38816  0.53042  0.88760
     30   3.47975  4.80042  5.13678  4.58479  1.01405  4.67430  4.75153  2.48585  4.43272  1.73572  2.35341  4.70638  4.89501  4.48245  4.49101  4.01653  3.70161  2.48132  5.00101  3.66489    211 f - - -
          2.68618  4.42225  2.77519  2.73123  3.46354  2.40513  3.72494  3.29354  2.67741  2.69355  4.24690  2.90347  2.73739  3.18146  2.89801  2.37887  2.77519  2.98518  4.58477  3.61503
          0.01644  4.51191  5.23426  0.61958  0.77255  0.38554  1.13970
     31   2.37685  4.89043  3.06780  2.50837  4.48441  3.55150  3.73767  3.90324  1.48408  3.45826  4.22563  3.03447  3.01308  2.68771  2.73549  2.50225  2.88079  3.54423  5.62109  4.24665    212 k - - -
          2.68618  4.42225  2.77519  2.73123  3.46354  2.40513  3.72494  3.29354  2.67741  2.69355  4.24690  2.90347  2.73739  3.18146  2.89801  2.37887  2.77519  2.98518  4.58477  3.61503
          0.01450  4.63680  5.35915  0.61958  0.77255  0.49861  0.93489
     32   2.51587  4.81552  3.23251  2.53865  4.05105  1.65582  3.84152  3.44976  2.68240  3.08970  3.72579  3.18581  3.69294  3.02465  3.11052  2.67367  2.50036  3.15346  5.37115  3.34363    213 g - - -
          2.68618  4.42225  2.77519  2.73123  3.46354  2.40513  3.72494  3.29354  2.67741  2.69355  4.24690  2.90347  2.73739  3.18146  2.89801  2.37887  2.77519  2.98518  4.58477  3.61503
          0.01969  4.63680  4.62457  0.61958  0.77255  0.49861  0.93489
     33   2.58172  3.85650  4.07880  3.49628  3.37180  3.56200  4.11940  2.69551  3.38606  1.34978  3.19619  3.75417  4.19724  3.19827  3.07643  3.10384  2.94124  2.12575  4.87238  3.67462    214 l - - -
          2.68618  4.42225  2.77519  2.73123  3.46354  2.40513  3.72494  3.29354  2.67741  2.69355  4.24690  2.90347  2.73739  3.18146  2.89801  2.37887  2.77519  2.98518  4.58477  3.61503
          0.01457  4.63168  5.35403  0.61958  0.77255  0.50844  0.91987
     34   2.69661  4.39979  3.73745  2.71282  3.45536  3.75260  4.01613  2.66632  3.10210  1.37589  3.40727  3.53872  4.12973  3.22827  3.23325  2.78536  2.72073  2.58697  4.99054  3.76875    215 l - - -
          2.68618  4.42225  2.77519  2.73123  3.46354  2.40513  3.72494  3.29354  2.67741  2.69355  4.24690  2.90347  2.73739  3.18146  2.89801  2.37887  2.77519  2.98518  4.58477  3.61503
          0.01457  4.63168  5.35403  0.61958  0.77255  0.49231  0.94472
     35   2.55011  4.57948  3.61521  3.06701  3.84560  3.57502  4.10399  3.23412  3.04208  2.98335  3.72672  3.46712  1.20256  3.37013  3.41529  2.60163  2.86913  2.81685  5.36908  4.12033    216 p - - -
          2.68618  4.42225  2.77519  2.73123  3.46354  2.40513  3.72494  3.29354  2.67741  2.69355  4.24690  2.90347  2.73739  3.18146  2.89801  2.37887  2.77519  2.98518  4.58477  3.61503
          0.03269  4.63680  3.79554  0.61958  0.77255  0.49861  0.93489
     36   2.62042  5.15055  2.84315  2.37382  4.16197  3.33316  3.08105  3.88406  2.46654  3.32487  3.42305  2.72820  2.77864  2.30350  2.72489  2.46630  2.95203  3.19071  5.60641  3.73006    217 q - - -
          2.68618  4.42225  2.77519  2.73123  3.46354  2.40513  3.72494  3.29354  2.67741  2.69355  4.24690  2.90347  2.73739  3.18146  2.89801  2.37887  2.77519  2.98518  4.58477  3.61503
          0.05126  4.61888  3.21637  0.61958  0.77255  0.47735  0.96871
     37   2.52103  5.19010  2.99765  2.36459  4.51429  3.38043  3.41361  3.96573  2.23502  3.44712  4.23690  2.72194  3.09283  2.45404  2.89088  2.21032  2.19940  3.54427  5.63550  4.23821    218 t - - -
          2.68618  4.42225  2.77519  2.73123  3.46354  2.40513  3.72494  3.29354  2.67741  2.69355  4.24690  2.90347  2.73739  3.18146  2.89801  2.37887  2.77519  2.98518  4.58477  3.61503
          0.06871  4.60150  2.87584  0.61958  0.77255  0.53337  0.88341
     38   2.59522  4.97424  3.08284  2.52736  4.19555  2.59131  3.60640  3.65705  2.42414  3.24139  4.04180  2.89940  3.83453  2.81661  2.80432  1.85791  2.79438  3.14866  5.46633  3.14018    219 s - - -
          2.68618  4.42225  2.77519  2.73123  3.46354  2.40513  3.72494  3.29354  2.67741  2.69355  4.24690  2.90347  2.73739  3.18146  2.89801  2.37887  2.77519  2.98518  4.58477  3.61503
          0.01568  4.55910  5.28144  0.61958  0.77255  0.42005  1.07006
     39   2.73244  4.62052  2.88906  2.38312  4.56133  3.02888  3.70886  4.03919  1.75840  3.52749  4.27112  2.56960  3.08981  2.75253  2.73717  2.22365  2.86042  3.61195  5.66617  4.26255    220 k - - -
          2.68618  4.42225  2.77519  2.73123  3.46354  2.40513  3.72494  3.29354  2.67741  2.69355  4.24690  2.90347  2.73739  3.18146  2.89801  2.37887  2.77519  2.98518  4.58477  3.61503
          0.01450  4.63680  5.35915  0.61958  0.77255  0.49861  0.93489
     40   2.72404  4.44239  2.96155  2.34209  4.41990  2.10909  3.74101  3.87073  2.50256  3.25741  4.18346  2.61683  3.90212  2.79216  2.90602  1.93648  2.83477  3.48812  5.59312  4.21628    221 s - - -
          2.68618  4.42225  2.77519  2.73123  3.46354  2.40513  3.72494  3.29354  2.67741  2.69355  4.24690  2.90347  2.73739  3.18146  2.89801  2.37887  2.77519  2.98518  4.58477  3.61503
          0.01450  4.63680  5.35915  0.61958  0.77255  0.49861  0.93489
     41   2.99277  5.39357  3.35410  2.60389  4.79824  2.70918  3.80531  4.20782  1.54610  3.45929  4.44835  3.21770  4.12573  2.74224  1.50414  3.00984  3.23852  3.82252  5.73279  4.44644    222 r - - -
          2.68618  4.42225  2.77519  2.73123  3.46354  2.40513  3.72494  3.29354  2.67741  2.69355  4.24690  2.90347  2.73739  3.18146  2.89801  2.37887  2.77519  2.98518  4.58477  3.61503
          0.01450  4.63680  5.35915  0.61958  0.77255  0.49861  0.93489
     42   2.63025  4.87909  3.18708  2.57787  4.10025  3.59678  3.80105  3.17562  2.38550  2.33197  3.95582  3.14726  2.09255  2.57288  2.80686  2.78242  2.91659  3.07593  5.39278  4.07649    223 p - - -
          2.68618  4.42225  2.77519  2.73123  3.46354  2.40513  3.72494  3.29354  2.67741  2.69355  4.24690  2.90347  2.73739  3.18146  2.89801  2.37887  2.77519  2.98518  4.58477  3.61503
          0.01450  4.63680  5.35915  0.61958  0.77255  0.49861  0.93489
     43   2.50687  4.65593  3.37198  2.81008  3.79852  3.44336  3.87927  2.81115  2.78520  2.88428  3.31301  3.27966  3.95087  2.86896  2.97114  1.59451  2.73162  2.89102  5.21057  3.46453    224 s - - -
          2.68618  4.42225  2.77519  2.73123  3.46354  2.40513  3.72494  3.29354  2.67741  2.69355  4.24690  2.90347  2.73739  3.18146  2.89801  2.37887  2.77519  2.98518  4.58477  3.61503
          0.01450  4.63680  5.35915  0.61958  0.77255  0.49861  0.93489
     44   3.04575  0.92881  4.75476  4.24274  3.64276  4.07402  4.74021  2.33056  3.98338  2.24407  3.63581  4.32040  4.57288  4.28481  3.99671  3.46721  3.36893  2.38911  5.35568  4.10933    225 c - - -
          2.68618  4.42225  2.77519  2.73123  3.46354  2.40513  3.72494  3.29354  2.67741  2.69355  4.24690  2.90347  2.73739  3.18146  2.89801  2.37887  2.77519  2.98518  4.58477  3.61503
          0.01450  4.63680  5.35915  0.61958  0.77255  0.49861  0.93489
     45   2.72806  1.80285  2.78164  2.79404  4.31283  3.50435  3.99322  3.72801  2.84451  3.35367  4.17466  2.38935  4.01807  3.17018  3.28960  1.89937  2.78628  3.36074  5.60584  4.29524    226 c - - -
          2.68618  4.42225  2.77519  2.73123  3.46354  2.40513  3.72494  3.29354  2.67741  2.69355  4.24690  2.90347  2.73739  3.18146  2.89801  2.37887  2.77519  2.98518  4.58477  3.61503
          0.01450  4.63680  5.35915  0.61958  0.77255  0.49861  0.93489
     46   3.55116  6.18002  0.49894  2.41374  5.49486  3.60851  4.31571  5.12266  3.51751  4.60136  5.54096  3.00329  4.31760  3.51645  4.21702  3.38813  3.89122  4.64886  6.69647  5.11136    227 D - - -
          2.68618  4.42225  2.77519  2.73123  3.46354  2.40513  3.72494  3.29354  2.67741  2.69355  4.24690  2.90347  2.73739  3.18146  2.89801  2.37887  2.77519  2.98518  4.58477  3.61503
          0.01911  4.50185  4.84829  0.60786  0.78639  0.49861  0.93489
     47   2.78004  5.36114  1.42563  2.14099  4.68270  3.40785  3.79897  3.81493  2.44111  3.41920  4.41677  2.38753  3.97920  2.91195  3.09517  2.77626  3.10222  3.74060  5.80171  4.38050    229 d - - -
          2.68618  4.42225  2.77519  2.73123  3.46354  2.40513  3.72494  3.29354  2.67741  2.69355  4.24690  2.90347  2.73739  3.18146  2.89801  2.37887  2.77519  2.98518  4.58477  3.61503
          0.01454  4.63366  5.35601  0.61958  0.77255  0.50467  0.92560
     48   3.41577  6.11424  0.68665  1.99831  5.36039  3.57393  4.17191  4.93059  3.26632  4.38659  5.26229  3.01600  4.23379  3.08195  3.91859  3.25879  3.71620  4.47363  6.53404  4.59528    230 D - - -
          2.68618  4.42225  2.77519  2.73123  3.46354  2.40513  3.72494  3.29354  2.67741  2.69355  4.24690  2.90347  2.73739  3.18146  2.89801  2.37887  2.77519  2.98518  4.58477  3.61503
          0.01454  4.63366  5.35601  0.61958  0.77255  0.50467  0.92560
     49   3.50298  5.30976  3.69258  4.00102  5.49098  0.24371  5.28748  5.21147  4.47130  4.79845  5.73916  4.28914  4.66388  4.67733  4.72475  3.66154  4.01819  4.58883  6.48830  5.56735    231 G - - -
          2.68618  4.42225  2.77519  2.73123  3.46354  2.40513  3.72494  3.29354  2.67741  2.69355  4.24690  2.90347  2.73739  3.18146  2.89801  2.37887  2.77519  2.98518  4.58477  3.61503
          0.01454  4.63366  5.35601  0.61958  0.77255  0.50467  0.92560
     50   3.33144  4.94193  5.49798  4.90695  3.05800  4.95724  5.24905  2.20891  4.76137  0.73451  1.96182  5.07516  5.09291  4.72759  4.76148  4.31012  3.87539  2.70099  5.42218  4.41309    232 l - - -
          2.68618  4.42225  2.77519  2.73123  3.46354  2.40513  3.72494  3.29354  2.67741  2.69355  4.24690  2.90347  2.73739  3.18146  2.89801  2.37887  2.77519  2.98518  4.58477  3.61503
          0.01451  4.63610  5.35845  0.61958  0.77255  0.50467  0.92560
     51   2.68935  4.27715  4.74282  4.14734  3.31195  4.09942  4.44495  1.77918  3.73022  1.64287  2.37012  4.21350  4.44612  4.13087  4.03805  3.41291  2.95002  1.74820  4.96121  3.78737    233 l - - -
          2.68618  4.42225  2.77519  2.73123  3.46354  2.40513  3.72494  3.29354  2.67741  2.69355  4.24690  2.90347  2.73739  3.18146  2.89801  2.37887  2.77519  2.98518  4.58477  3.61503
          0.01443  4.64120  5.36355  0.61958  0.77255  0.50467  0.92560
     52   3.57456  4.78859  5.60422  5.15575  4.08069  5.13780  5.91259  0.67832  5.08184  2.48331  3.82023  5.31833  5.38308  5.33533  5.24822  4.58545  3.84322  1.38710  6.22126  5.00842    234 I - - -
          2.68618  4.42225  2.77519  2.73123  3.46354  2.40513  3.72494  3.29354  2.67741  2.69355  4.24690  2.90347  2.73739  3.18146  2.89801  2.37887  2.77519  2.98518  4.58477  3.61503
          0.01443  4.64120  5.36355  0.61958  0.77255  0.50467  0.92560
     53   2.77725  4.77726  1.34809  2.24421  4.61084  3.53534  3.80000  4.08225  2.58913  3.59329  4.36079  2.76280  3.97678  2.91681  3.09043  2.51899  2.74351  3.67181  5.75402  4.19998    235 d - - -
          2.68618  4.42225  2.77519  2.73123  3.46354  2.40513  3.72494  3.29354  2.67741  2.69355  4.24690  2.90347  2.73739  3.18146  2.89801  2.37887  2.77519  2.98518  4.58477  3.61503
          0.01443  4.64120  5.36355  0.61958  0.77255  0.49472  0.94095
     54   2.40127  5.10674  3.08586  2.58506  4.49664  1.63079  3.82340  3.94172  2.56421  3.48459  4.26772  2.94774  3.98673  2.54897  2.47553  2.45357  3.04847  3.54982  5.66431  4.30528    236 g - - -
          2.68618  4.42225  2.77519  2.73123  3.46354  2.40513  3.72494  3.29354  2.67741  2.69355  4.24690  2.90347  2.73739  3.18146  2.89801  2.37887  2.77519  2.98518  4.58477  3.61503
          0.01439  4.64432  5.36667  0.61958  0.77255  0.49861  0.93489
     55   1.62350  1.33684  4.66577  4.21101  3.95105  3.68112  4.76711  2.71696  4.07563  2.89687  3.90131  4.14547  4.32709  4.28848  4.21985  3.10260  3.16561  1.94541  5.52398  4.34536    237 c - - -
          2.68618  4.42225  2.77519  2.73123  3.46354  2.40513  3.72494  3.29354  2.67741  2.69355  4.24690  2.90347  2.73739  3.18146  2.89801  2.37887  2.77519  2.98518  4.58477  3.61503
          0.01439  4.64432  5.36667  0.61958  0.77255  0.49861  0.93489
     56   3.19925  4.65746  5.35730  4.83207  3.86308  4.84525  5.37266  1.63175  4.72395  2.35894  2.62376  4.96861  5.10763  4.92019  4.84531  4.22083  3.64882  0.79839  5.78305  4.60528    238 v - - -
          2.68618  4.42225  2.77519  2.73123  3.46354  2.40513  3.72494  3.29354  2.67741  2.69355  4.24690  2.90347  2.73739  3.18146  2.89801  2.37887  2.77519  2.98518  4.58477  3.61503
          0.01439  4.64432  5.36667  0.61958  0.77255  0.49861  0.93489
     57   1.55920  5.07387  2.52469  2.55685  4.45754  2.61668  3.81258  3.85663  2.59335  3.41619  4.23635  2.94117  3.96133  2.93863  2.98217  2.35778  2.84526  3.49816  5.64666  4.27737    239 a - - -
          2.68618  4.42225  2.77519  2.73123  3.46354  2.40513  3.72494  3.29354  2.67741  2.69355  4.24690  2.90347  2.73739  3.18146  2.89801  2.37887  2.77519  2.98518  4.58477  3.61503
          0.01439  4.64432  5.36667  0.61958  0.77255  0.49861  0.93489
     58   2.76438  4.01411  3.07576  2.51416  4.43255  3.10073  3.37962  3.80414  2.09948  3.35832  4.08768  3.04824  3.94704  2.53199  1.76979  2.45767  2.99347  3.40839  5.43118  4.22224    240 r - - -
          2.68618  4.42225  2.77519  2.73123  3.46354  2.40513  3.72494  3.29354  2.67741  2.69355  4.24690  2.90347  2.73739  3.18146  2.89801  2.37887  2.77519  2.98518  4.58477  3.61503
          0.01439  4.64432  5.36667  0.61958  0.77255  0.49861  0.93489
     59   3.94066  5.16350  5.76297  5.18343  2.93673  5.29969  5.54405  2.49062  5.05456  0.48912  2.86047  5.41295  5.31912  4.93317  5.02667  4.68427  4.14040  2.50056  5.55582  4.57322    241 L - - -
          2.68618  4.42225  2.77519  2.73123  3.46354  2.40513  3.72494  3.29354  2.67741  2.69355  4.24690  2.90347  2.73739  3.18146  2.89801  2.37887  2.77519  2.98518  4.58477  3.61503
          0.01439  4.64432  5.36667  0.61958  0.77255  0.49861  0.93489
     60   2.76017  5.11597  3.07744  2.51694  4.08264  3.37498  3.34277  3.85233  1.43912  3.21417  3.71143  2.98433  3.94654  2.63792  2.65167  2.66229  2.95537  3.47791  5.57837  3.64656    242 k - - -
          2.68618  4.42225  2.77519  2.73123  3.46354  2.40513  3.72494  3.29354  2.67741  2.69355  4.24690  2.90347  2.73739  3.18146  2.89801  2.37887  2.77519  2.98518  4.58477  3.61503
          0.01439  4.64432  5.36667  0.61958  0.77255  0.49861  0.93489
     61   2.28643  4.12781  2.98545  2.45475  4.41778  3.54445  3.73506  3.86749  1.69388  3.30532  3.85823  3.03599  3.93610  2.70534  2.32954  2.59975  2.79004  3.42646  5.58639  4.21153    243 k - - -
          2.68618  4.42225  2.77519  2.73123  3.46354  2.40513  3.72494  3.29354  2.67741  2.69355  4.24690  2.90347  2.73739  3.18146  2.89801  2.37887  2.77519  2.98518  4.58477  3.61503
          0.01439  4.64432  5.36667  0.61958  0.77255  0.49861  0.93489
     62   2.62190  4.27974  4.02130  3.44156  2.88520  3.81449  3.58311  2.25894  2.82904  2.27717  3.20691  3.51908  4.18676  3.59797  2.92315  2.93938  2.97736  2.09951  4.88443  2.39244    244 v - - -
          2.68618  4.42225  2.77519  2.73123  3.46354  2.40513  3.72494  3.29354  2.67741  2.69355  4.24690  2.90347  2.73739  3.18146  2.89799  2.37887  2.77519  2.98518  4.58477  3.61503
          0.01688  4.41738  5.36667  0.59921  0.79683  0.49861  0.93489
     63   2.75656  4.62395  2.19866  2.40779  4.57463  3.39778  3.48309  4.05114  1.91455  3.53744  4.28229  2.84691  3.92351  2.81581  1.99086  2.67619  2.98701  3.42152  5.67373  4.27292    246 k - - -
          2.68625  4.42232  2.77485  2.73130  3.46360  2.40513  3.72491  3.29361  2.67744  2.69361  4.24696  2.90344  2.73746  3.18113  2.89790  2.37893  2.77526  2.98525  4.58484  3.61510
          0.28467  1.41441  5.36667  0.14873  1.97907  0.49861  0.93489
     64   2.66493  5.10161  2.91583  2.16429  4.38774  3.54648  3.74065  3.42018  2.41277  3.08441  4.15880  3.04209  1.95619  2.86095  2.49118  2.65804  2.97948  3.44865  5.57066  3.86276    248 p - - -
          2.68618  4.42225  2.77519  2.73123  3.46354  2.40513  3.72494  3.29354  2.67741  2.69355  4.24690  2.90347  2.73739  3.18146  2.89801  2.37887  2.77519  2.98518  4.58477  3.61503
          0.01439  4.64432  5.36667  0.61958  0.77255  0.49861  0.93489
     65   2.71476  5.23649  1.96287  1.85064  4.56865  3.46531  3.71895  4.04545  2.29407  3.24526  4.28145  2.97367  3.92319  2.82063  2.43512  2.72371  2.98814  3.49189  5.67554  3.65338    249 e - - -
          2.68618  4.42225  2.77519  2.73123  3.46354  2.40513  3.72494  3.29354  2.67741  2.69355  4.24690  2.90347  2.73739  3.18146  2.89801  2.37887  2.77519  2.98518  4.58477  3.61503
          0.01439  4.64432  5.36667  0.61958  0.77255  0.49861  0.93489
     66   2.14920  5.21559  2.57081  1.39690  4.52548  3.29745  3.77344  3.98286  2.54767  3.14439  4.05359  3.02525  3.95988  2.89006  3.03907  2.77714  3.03791  3.58693  5.68167  4.28874    250 e - - -
          2.68618  4.42225  2.77519  2.73123  3.46354  2.40513  3.72494  3.29354  2.67741  2.69355  4.24690  2.90347  2.73739  3.18146  2.89801  2.37887  2.77519  2.98518  4.58477  3.61503
          0.01439  4.64432  5.36667  0.61958  0.77255  0.49861  0.93489
     67   2.74938  3.82282  4.50006  3.89875  2.39989  3.89342  3.41448  2.44667  3.72787  1.90199  3.02041  3.98239  4.25911  3.89799  3.60884  2.96492  2.98147  2.22641  4.77061  2.03026    251 l - - -
          2.68618  4.42225  2.77519  2.73123  3.46354  2.40513  3.72494  3.29354  2.67741  2.69355  4.24690  2.90347  2.73739  3.18146  2.89801  2.37887  2.77519  2.98518  4.58477  3.61503
          0.01439  4.64432  5.36667  0.61958  0.77255  0.49861  0.93489
     68   2.72802  5.22735  2.19382  2.10506  4.55728  2.54724  3.66273  4.03338  2.35208  2.71746  3.95965  2.75308  3.92007  2.55773  2.92848  2.70236  2.85798  3.60992  5.66867  4.26582    252 e - - -
          2.68618  4.42225  2.77519  2.73123  3.46354  2.40513  3.72494  3.29354  2.67741  2.69355  4.24690  2.90347  2.73739  3.18146  2.89801  2.37887  2.77519  2.98518  4.58477  3.61503
          0.01439  4.64432  5.36667  0.61958  0.77255  0.49861  0.93489
     69   3.04582  4.54425  5.06854  4.47508  3.30855  4.44030  4.77571  1.88981  4.30789  0.98172  2.81835  4.56256  4.72233  4.40298  4.34774  3.76666  3.43481  1.99430  5.17358  3.62060    253 l - - -
          2.68618  4.42225  2.77519  2.73123  3.46354  2.40513  3.72494  3.29354  2.67741  2.69355  4.24690  2.90347  2.73739  3.18146  2.89801  2.37887  2.77519  2.98518  4.58477  3.61503
          0.01436  4.64641  5.36875  0.61958  0.77255  0.49861  0.93489
     70   3.60582  4.82532  5.61426  5.09384  3.73843  5.10541  5.62245  1.31066  4.99247  1.18749  3.49566  5.25003  5.28038  5.09388  5.06781  4.50464  3.84655  1.41446  5.84537  4.74607    254 l - - -
          2.68618  4.42225  2.77519  2.73123  3.46354  2.40513  3.72494  3.29354  2.67741  2.69355  4.24690  2.90347  2.73739  3.18146  2.89801  2.37887  2.77519  2.98518  4.58477  3.61503
          0.01436  4.64641  5.36875  0.61958  0.77255  0.47781  0.96795
     71   2.71437  3.54790  4.52170  3.35369  2.97598  2.78723  4.22654  1.99149  3.74642  1.93244  2.56756  3.99785  4.09408  3.91457  3.82457  3.20555  2.98740  1.91756  4.78364  3.60262    255 v - - -
          2.68618  4.42225  2.77519  2.73123  3.46354  2.40513  3.72494  3.29354  2.67741  2.69355  4.24690  2.90347  2.73739  3.18146  2.89801  2.37887  2.77519  2.98518  4.58477  3.61503
          0.01426  4.65292  5.37526  0.61958  0.77255  0.48576  0.95510
     72   2.11956  4.50330  3.25696  3.00787  3.64549  3.71391  3.96200  3.00965  2.96522  1.74303  3.21055  3.42790  4.09438  3.07953  2.86154  2.48416  2.98033  2.69957  3.90918  3.83982    256 l - - -
          2.68618  4.42225  2.77519  2.73123  3.46354  2.40513  3.72494  3.29354  2.67741  2.69355  4.24690  2.90347  2.73739  3.18146  2.89801  2.37887  2.77519  2.98518  4.58477  3.61503
          0.01426  4.65292  5.37526  0.61958  0.77255  0.48576  0.95510
     73   3.07181  5.16169  3.47468  2.90776  3.79428  3.83131  1.53227  3.83833  2.53182  3.37688  4.25221  3.11268  4.21206  3.10661  1.98153  3.10120  3.28289  3.54221  5.18412  2.36737    257 h - - -
          2.68618  4.42225  2.77519  2.73123  3.46354  2.40513  3.72494  3.29354  2.67741  2.69355  4.24690  2.90347  2.73739  3.18146  2.89801  2.37887  2.77519  2.98518  4.58477  3.61503
          0.01426  4.65292  5.37526  0.61958  0.77255  0.48576  0.95510
     74   4.47929  5.57277  5.22902  5.00892  1.97493  5.04011  1.77859  4.24233  4.82996  3.45467  4.76528  4.58966  5.31973  4.70050  4.80486  4.41855  4.68084  4.15426  3.93968  0.67842    258 Y - - -
          2.68618  4.42225  2.77519  2.73123  3.46354  2.40513  3.72494  3.29354  2.67741  2.69355  4.24690  2.90347  2.73739  3.18146  2.89801  2.37887  2.77519  2.98518  4.58477  3.61503
          0.01426  4.65345  5.37580  0.61958  0.77255  0.48576  0.95510
     75   2.58296  3.93953  4.38444  3.79057  3.15581  3.89486  4.21005  1.84234  3.64363  2.32956  3.21521  3.93527  4.26106  3.36069  3.12873  3.19030  2.99707  1.47519  4.82348  3.50473    259 v - - -
          2.68618  4.42225  2.77519  2.73123  3.46354  2.40513  3.72494  3.29354  2.67741  2.69355  4.24690  2.90347  2.73739  3.18146  2.89801  2.37887  2.77519  2.98518  4.58477  3.61503
          0.01426  4.65345  5.37580  0.61958  0.77255  0.48576  0.95510
     76   2.55408  3.79979  3.92062  3.34514  2.81381  2.98450  2.72673  2.74510  3.26619  2.43572  3.35862  3.66015  4.17399  3.27951  3.53837  3.06671  2.98520  2.55149  4.91522  1.87169    260 y - - -
          2.68618  4.42225  2.77519  2.73123  3.46354  2.40513  3.72494  3.29354  2.67741  2.69355  4.24690  2.90347  2.73739  3.18146  2.89801  2.37887  2.77519  2.98518  4.58477  3.61503
          0.01426  4.65345  5.37580  0.61958  0.77255  0.48576  0.95510
     77   2.82957  5.01976  2.90150  2.53035  4.53051  1.51886  3.26862  3.98316  2.47106  3.50744  4.28506  2.64090  3.98737  2.90597  2.41589  2.81165  3.06376  3.59481  5.67308  4.29986    261 g - - -
          2.68618  4.42225  2.77519  2.73123  3.46354  2.40513  3.72494  3.29354  2.67741  2.69355  4.24690  2.90347  2.73739  3.18146  2.89801  2.37887  2.77519  2.98518  4.58477  3.61503
          0.01426  4.65345  5.37580  0.61958  0.77255  0.48576  0.95510
     78   2.74928  4.00228  4.22625  3.45386  3.19748  3.85395  3.80932  2.17884  3.29256  1.95176  2.55551  3.84050  4.22327  3.08071  3.69195  2.55086  2.98131  1.93214  4.83386  3.54834    262 v - - -
          2.68618  4.42225  2.77519  2.73123  3.46354  2.40513  3.72494  3.29354  2.67741  2.69355  4.24690  2.90347  2.73739  3.18146  2.89801  2.37887  2.77519  2.98518  4.58477  3.61503
          0.01426  4.65345  5.37580  0.61958  0.77255  0.48576  0.95510
     79   2.77402  4.91074  3.23121  2.82557  4.54056  3.49783  4.01083  3.97936  2.86696  3.57077  4.37786  3.28140  2.55677  2.78300  3.29404  1.08293  2.80883  3.55695  5.78055  4.46039    263 s - - -
          2.68618  4.42225  2.77519  2.73123  3.46354  2.40513  3.72494  3.29354  2.67741  2.69355  4.24690  2.90347  2.73739  3.18146  2.89801  2.37887  2.77519  2.98518  4.58477  3.61503
          0.01426  4.65345  5.37580  0.61958  0.77255  0.48576  0.95510
     80   2.74950  3.85422  2.92656  2.81791  3.42878  3.65820  3.88632  2.98930  1.97785  1.87403  3.75309  3.28745  4.04262  2.69593  3.20569  2.88212  2.92051  2.82097  5.21612  3.94428    264 l - - -
          2.68618  4.42225  2.77519  2.73123  3.46354  2.40513  3.72494  3.29354  2.67741  2.69355  4.24690  2.90347  2.73739  3.18146  2.89801  2.37887  2.77519  2.98518  4.58477  3.61503
          0.01426  4.65345  5.37580  0.61958  0.77255  0.48576  0.95510
     81   2.88816  4.84900  3.38093  2.79897  4.39546  3.66986  3.87912  3.80135  2.49588  3.37902  3.59289  2.97872  4.08786  3.03014  1.18525  2.27641  3.13162  3.46485  5.57426  4.28541    265 r - - -
          2.68618  4.42225  2.77519  2.73123  3.46354  2.40513  3.72494  3.29354  2.67741  2.69355  4.24690  2.90347  2.73739  3.18146  2.89801  2.37887  2.77519  2.98518  4.58477  3.61503
          0.01426  4.65345  5.37580  0.61958  0.77255  0.48576  0.95510
     82   1.97382  5.22769  2.72637  2.33276  4.56041  3.51268  3.61453  4.03752  2.00565  3.52751  3.95734  2.89048  3.91858  2.49111  2.74641  2.42085  2.73954  3.61170  5.66764  3.96260    266 a - - -
          2.68618  4.42225  2.77519  2.73123  3.46354  2.40513  3.72494  3.29354  2.67741  2.69355  4.24690  2.90347  2.73739  3.18146  2.89801  2.37887  2.77519  2.98518  4.58477  3.61503
          0.01426  4.65345  5.37580  0.61958  0.77255  0.48576  0.95510
     83   3.66466  4.88424  5.61789  5.09652  3.71186  5.16054  5.65851  0.68467  4.98394  1.78980  3.10513  5.28474  5.31600  5.08876  5.07117  4.56370  3.90383  1.99391  5.85966  4.77070    267 I - - -
          2.68618  4.42225  2.77519  2.73123  3.46354  2.40513  3.72494  3.29354  2.67741  2.69355  4.24690  2.90347  2.73739  3.18146  2.89801  2.37887  2.77519  2.98518  4.58477  3.61503
          0.01428  4.65182  5.37417  0.61958  0.77255  0.48576  0.95510
     84   0.42972  4.58732  4.26238  4.13581  5.06084  2.69500  5.09212  4.46079  4.23527  4.20996  5.03806  4.01449  4.19679  4.45146  4.41923  2.88412  3.23225  3.78421  6.38687  5.28275    268 A - - -
          2.68618  4.42225  2.77519  2.73123  3.46354  2.40513  3.72494  3.29354  2.67741  2.69355  4.24690  2.90347  2.73739  3.18146  2.89801  2.37887  2.77519  2.98518  4.58477  3.61503
          0.01428  4.65182  5.37417  0.61958  0.77255  0.48576  0.95510
     85   2.69351  5.21210  2.69663  2.36204  4.41752  3.53250  3.71913  4.00940  1.96623  3.20645  4.16727  2.92382  3.92532  2.80784  1.81867  2.52869  2.83212  3.40402  5.65470  4.25867    269 r - - -
          2.68618  4.42225  2.77519  2.73123  3.46354  2.40513  3.72494  3.29354  2.67741  2.69355  4.24690  2.90347  2.73739  3.18146  2.89801  2.37887  2.77519  2.98518  4.58477  3.61503
          0.01428  4.65182  5.37417  0.61958  0.77255  0.48576  0.95510
     86   2.20798  5.06299  3.04302  2.33784  4.33611  3.14511  3.63658  3.54737  1.97268  3.32103  3.76666  2.99631  3.94480  2.86946  2.49085  2.62185  2.93505  3.19443  4.94912  3.05481    270 k - - -
          2.68618  4.42225  2.77519  2.73123  3.46354  2.40513  3.72494  3.29354  2.67741  2.69355  4.24690  2.90347  2.73739  3.18146  2.89801  2.37887  2.77519  2.98518  4.58477  3.61503
          0.03219  4.65182  3.81056  0.61958  0.77255  0.48576  0.95510
     87   2.74206  4.26447  4.05282  3.47174  2.94136  3.81762  3.31904  2.52710  3.24558  2.06692  3.11453  3.73739  4.18932  3.39751  2.36789  3.09389  2.79319  2.43609  2.96914  2.80039    271 l - - -
          2.68618  4.42225  2.77519  2.73123  3.46354  2.40513  3.72494  3.29354  2.67741  2.69355  4.24690  2.90347  2.73739  3.18146  2.89801  2.37887  2.77519  2.98518  4.58477  3.61503
          0.01454  4.63416  5.35651  0.61958  0.77255  0.46493  0.98935
     88   2.85483  5.27234  3.08373  2.51638  4.61012  2.56537  2.77030  4.06299  1.37372  3.55546  4.32500  2.87734  3.99788  2.81225  2.80596  2.79277  3.07884  3.66211  5.68954  4.03786    272 k - - -
          2.68618  4.42225  2.77519  2.73123  3.46354  2.40513  3.72494  3.29354  2.67741  2.69355  4.24690  2.90347  2.73739  3.18146  2.89801  2.37887  2.77519  2.98518  4.58477  3.61503
          0.01435  4.64677  5.36912  0.61958  0.77255  0.48576  0.95510
     89   2.32203  2.20854  3.67103  3.03974  3.57116  3.66627  3.99509  2.52472  2.41394  2.55625  3.28483  3.25070  4.11601  3.19062  3.18435  2.98596  2.85425  2.49530  5.02421  3.59957    273 c - - -
          2.68618  4.42225  2.77519  2.73123  3.46354  2.40513  3.72494  3.29354  2.67741  2.69355  4.24690  2.90347  2.73739  3.18146  2.89801  2.37887  2.77519  2.98518  4.58477  3.61503
          0.01435  4.64677  5.36912  0.61958  0.77255  0.48576  0.95510
     90   2.50608  5.12042  2.46054  2.50169  4.42753  3.53817  3.74714  3.87875  2.50935  3.41811  4.19080  2.86034  3.65935  2.86470  2.78902  1.60754  2.77144  3.07459  5.60038  4.11882    274 s - - -
          2.68601  4.42233  2.77555  2.73152  3.46373  2.40502  3.72537  3.29379  2.67722  2.69394  4.24592  2.90373  2.73691  3.18165  2.89646  2.37901  2.77564  2.98541  4.58436  3.61499
          0.10409  2.36236  5.36912  2.50921  0.08483  0.48576  0.95510
     91   2.74599  5.23326  2.07576  1.91220  4.56865  3.52198  2.80127  4.04774  2.40311  3.27028  4.08648  2.99317  3.48182  2.66252  2.69095  2.71262  2.90271  3.52795  5.67151  3.84381    294 e - - -
          2.68618  4.42225  2.77519  2.73123  3.46354  2.40513  3.72494  3.29354  2.67741  2.69355  4.24690  2.90347  2.73739  3.18146  2.89801  2.37887  2.77519  2.98518  4.58477  3.61503
          0.01435  4.64677  5.36912  0.61958  0.77255  0.48576  0.95510
     92   2.65041  5.13555  2.83662  2.48899  4.43416  1.87089  3.62981  3.64118  2.26249  3.25091  3.95028  2.65980  3.93173  2.84648  2.78967  2.59025  2.68040  3.50116  5.59765  4.21750    295 g - - -
          2.68618  4.42225  2.77519  2.73123  3.46354  2.40513  3.72494  3.29354  2.67741  2.69355  4.24690  2.90347  2.73739  3.18146  2.89801  2.37887  2.77519  2.98518  4.58477  3.61503
          0.01921  4.64677  4.66347  0.61958  0.77255  0.48576  0.95510
     93   2.47232  4.88192  3.18391  2.58025  3.78233  3.49685  3.26791  3.51041  2.57142  2.69774  3.89335  2.86273  3.97775  2.79470  2.77292  2.54575  1.94480  3.17220  5.39655  3.26155    296 t - - -
          2.68618  4.42225  2.77519  2.73123  3.46354  2.40513  3.72494  3.29354  2.67741  2.69355  4.24690  2.90347  2.73739  3.18146  2.89801  2.37887  2.77519  2.98518  4.58477  3.61503
          0.01442  4.64198  5.36433  0.61958  0.77255  0.49518  0.94023
     94   3.12505  2.90611  5.05851  4.51246  3.73745  3.83303  4.92521  1.26339  4.36785  2.54905  3.64097  4.58014  4.77004  4.56429  4.46399  3.76583  3.38417  1.15499  5.43535  4.23820    297 v - - -
          2.68618  4.42225  2.77519  2.73123  3.46354  2.40513  3.72494  3.29354  2.67741  2.69355  4.24690  2.90347  2.73739  3.18146  2.89801  2.37887  2.77519  2.98518  4.58477  3.61503
          0.01447  4.63839  5.36074  0.61958  0.77255  0.49518  0.94023
     95   2.66159  5.06226  3.25054  2.59202  4.41114  3.07670  3.84228  3.82090  2.50125  3.15991  4.20258  3.19639  4.04595  2.98420  1.24034  2.76177  2.82759  3.47403  5.58621  4.27650    298 r - - -
          2.68618  4.42225  2.77519  2.73123  3.46354  2.40513  3.72494  3.29354  2.67741  2.69355  4.24690  2.90347  2.73739  3.18146  2.89801  2.37887  2.77519  2.98518  4.58477  3.61503
          0.01447  4.63839  5.36074  0.61958  0.77255  0.49518  0.94023
     96   2.60977  5.20649  3.06431  2.50095  4.53272  3.55739  3.72966  3.20625  1.75514  3.49526  4.25608  2.57208  3.94748  2.24935  2.32061  2.70540  2.84585  3.53307  5.64318  4.26481    299 k - - -
          2.68618  4.42225  2.77519  2.73123  3.46354  2.40513  3.72494  3.29354  2.67741  2.69355  4.24690  2.90347  2.73739  3.18146  2.89801  2.37887  2.77519  2.98518  4.58477  3.61503
          0.01447  4.63839  5.36074  0.61958  0.77255  0.49518  0.94023
     97   2.69822  5.21141  3.00076  1.79070  4.53979  3.12451  3.45625  3.98444  2.09052  3.13255  3.89625  2.91918  3.91580  2.56971  2.63571  2.43567  2.97393  3.54223  5.65380  3.68594    300 e - - -
          2.68622  4.42234  2.77517  2.73101  3.46363  2.40522  3.72504  3.29280  2.67750  2.69364  4.24699  2.90356  2.73749  3.18149  2.89810  2.37887  2.77529  2.98489  4.58486  3.61512
          0.09968  2.40600  5.36074  1.14435  0.38336  0.49518  0.94023
     98   3.92823  5.15356  5.75711  5.17394  3.33912  5.28850  5.56404  2.40722  5.03251  0.67896  1.70873  5.40851  5.31082  4.92517  5.00783  4.67366  4.12877  2.60014  5.57894  4.63587    305 L - - -
          2.68618  4.42225  2.77519  2.73123  3.46354  2.40513  3.72494  3.29354  2.67741  2.69355  4.24690  2.90347  2.73739  3.18146  2.89801  2.37887  2.77519  2.98518  4.58477  3.61503
          0.01447  4.63839  5.36074  0.61958  0.77255  0.49518  0.94023
     99   2.41404  4.37624  3.18429  2.62522  4.10633  3.31849  3.77857  3.51341  2.55003  3.10738  3.07318  3.04554  3.97765  1.68961  2.76849  2.75661  2.86265  3.10704  5.39780  3.64148    306 q - - -
          2.68618  4.42225  2.77519  2.73123  3.46354  2.40513  3.72494  3.29354  2.67741  2.69355  4.24690  2.90347  2.73739  3.18146  2.89801  2.37887  2.77519  2.98518  4.58477  3.61503
          0.01447  4.63839  5.36074  0.61958  0.77255  0.49518  0.94023
    100   1.97186  4.51602  3.54346  2.97771  3.66225  3.70098  3.94755  2.70577  2.76791  2.69563  2.59159  3.20166  4.08246  3.24955  2.89601  2.68996  2.26193  2.56069  5.09161  3.84759    307 a - - -
          2.68618  4.42225  2.77519  2.73123  3.46354  2.40513  3.72494  3.29354  2.67741  2.69355  4.24690  2.90347  2.73739  3.18146  2.89801  2.37887  2.77519  2.98518  4.58477  3.61503
          0.01447  4.63839  5.36074  0.61958  0.77255  0.49518  0.94023
    101   1.05784  4.67726  3.40315  3.02836  4.33961  2.68348  4.14976  3.74995  3.02844  3.39595  4.22105  3.40815  4.03478  3.35353  3.17666  2.37240  2.71984  3.16948  5.65940  4.38525    308 a - - -
          2.68618  4.42225  2.77519  2.73123  3.46354  2.40513  3.72494  3.29354  2.67741  2.69355  4.24690  2.90347  2.73739  3.18146  2.89801  2.37887  2.77519  2.98518  4.58477  3.61503
          0.01447  4.63839  5.36074  0.61958  0.77255  0.49518  0.94023
    102   2.80330  4.92743  3.20523  1.16743  3.76858  3.63281  3.85603  3.19451  2.66462  3.02800  3.77654  3.18717  4.03204  3.02274  3.10977  2.81737  2.94958  3.15036  5.44860  4.11926    309 e - - -
          2.68618  4.42225  2.77519  2.73123  3.46354  2.40513  3.72494  3.29354  2.67741  2.69355  4.24690  2.90347  2.73739  3.18146  2.89801  2.37887  2.77519  2.98518  4.58477  3.61503
          0.01447  4.63839  5.36074  0.61958  0.77255  0.49518  0.94023
    103   2.25561  4.83969  3.02224  2.57294  3.96894  2.04648  3.73535  3.55695  2.59646  3.16958  3.98812  2.65746  3.96979  2.94428  3.05658  2.31640  2.91229  3.24180  4.56008  3.33853    310 g - - -
          2.68618  4.42225  2.77519  2.73123  3.46354  2.40513  3.72494  3.29354  2.67741  2.69355  4.24690  2.90347  2.73739  3.18146  2.89801  2.37887  2.77519  2.98518  4.58477  3.61503
          0.01447  4.63839  5.36074  0.61958  0.77255  0.49518  0.94023
    104   2.93645  4.34084  4.59807  4.01733  1.19072  3.66505  4.25484  2.60507  3.85696  2.03673  3.03803  4.10922  4.41439  4.01431  3.95224  3.37106  3.16687  2.42624  4.72675  3.01326    311 f - - -
          2.68618  4.42225  2.77519  2.73123  3.46354  2.40513  3.72494  3.29354  2.67741  2.69355  4.24690  2.90347  2.73739  3.18146  2.89801  2.37887  2.77519  2.98518  4.58477  3.61503
          0.01447  4.63839  5.36074  0.61958  0.77255  0.49518  0.94023
    105   3.40722  4.65951  5.38038  4.85917  3.87194  4.49370  5.39808  0.94555  4.74835  1.91116  3.63202  4.99122  5.12266  4.94794  4.86757  4.24184  3.65658  1.36124  5.79957  4.61657    312 i - - -
          2.68618  4.42225  2.77519  2.73123  3.46354  2.40513  3.72494  3.29354  2.67741  2.69355  4.24690  2.90347  2.73739  3.18146  2.89801  2.37887  2.77519  2.98518  4.58477  3.61503
          0.03264  4.63839  3.79713  0.61958  0.77255  0.49518  0.94023
    106   2.41948  5.04110  2.44585  1.76049  4.50817  2.75190  3.71249  3.97687  2.45956  3.43877  4.09982  2.83771  3.91443  2.81807  2.87165  2.66645  2.89392  3.54242  5.63696  3.17935    313 e - - -
          2.68618  4.42225  2.77519  2.73123  3.46354  2.40513  3.72494  3.29354  2.67741  2.69355  4.24690  2.90347  2.73739  3.18146  2.89801  2.37887  2.77519  2.98518  4.58477  3.61503
          0.01474  4.62049  5.34284  0.61958  0.77255  0.52911  0.88948
    107   2.92393  5.23164  2.94834  2.67886  4.64296  1.01483  3.57816  4.10019  2.75179  3.66111  4.50197  3.20702  4.14303  2.56089  3.06409  3.03868  3.31206  3.73060  5.83503  4.49665    314 g - - -
          2.68618  4.42225  2.77519  2.73123  3.46354  2.40513  3.72494  3.29354  2.67741  2.69355  4.24690  2.90347  2.73739  3.18146  2.89801  2.37887  2.77519  2.98518  4.58477  3.61503
          0.01483  4.61443  5.33677  0.61958  0.77255  0.52911  0.88948
    108   2.66446  1.76558  3.78229  3.20993  3.48990  3.48268  4.02517  2.75554  3.14020  2.55038  3.36294  3.56483  3.05029  3.12895  3.11148  3.01268  2.96763  2.38149  4.95997  3.39423    315 c - - -
          2.68618  4.42225  2.77519  2.73123  3.46354  2.40513  3.72494  3.29354  2.67741  2.69355  4.24690  2.90347  2.73739  3.18146  2.89801  2.37887  2.77519  2.98518  4.58477  3.61503
          0.01483  4.61443  5.33677  0.61958  0.77255  0.52911  0.88948
    109   3.74441  5.01455  5.50707  4.92259  3.32522  5.04589  5.32508  1.99830  4.75643  0.59346  2.69830  5.13532  5.15156  4.30820  4.77875  4.40754  3.95214  2.70687  5.47509  4.47979    316 L - - -
          2.68618  4.42225  2.77519  2.73123  3.46354  2.40513  3.72494  3.29354  2.67741  2.69355  4.24690  2.90347  2.73739  3.18146  2.89801  2.37887  2.77519  2.98518  4.58477  3.61503
          0.01483  4.61443  5.33677  0.61958  0.77255  0.52911  0.88948
    110   1.72148  3.58149  3.57750  3.01087  3.27658  3.70359  3.44390  2.96774  2.96805  2.67749  3.25588  3.42596  4.08406  2.76920  3.16181  2.44064  2.93885  2.41994  5.05582  3.81738    317 a - - -
          2.68618  4.42225  2.77519  2.73123  3.46354  2.40513  3.72494  3.29354  2.67741  2.69355  4.24690  2.90347  2.73739  3.18146  2.89801  2.37887  2.77519  2.98518  4.58477  3.61503
          0.01483  4.61443  5.33677  0.61958  0.77255  0.52911  0.88948
    111   2.43783  4.58716  2.86174  2.86631  3.71734  3.44600  3.71577  2.76384  2.73354  2.79366  1.99581  3.29003  3.99932  3.15958  3.23693  2.54838  2.68565  2.61966  5.15079  3.89082    318 m - - -
          2.68618  4.42225  2.77519  2.73123  3.46354  2.40513  3.72494  3.29354  2.67741  2.69355  4.24690  2.90347  2.73739  3.18146  2.89801  2.37887  2.77519  2.98518  4.58477  3.61503
          0.03144  4.61443  3.86115  0.61958  0.77255  0.52911  0.88948
    112   2.29323  4.26497  4.00027  3.31065  3.10197  3.65876  4.08582  2.66299  3.32816  1.41017  3.37706  3.70126  4.16962  3.35517  3.56897  2.96526  2.55714  2.50375  4.87000  3.29523    319 l - - -
          2.68618  4.42225  2.77519  2.73123  3.46354  2.40513  3.72494  3.29354  2.67741  2.69355  4.24690  2.90347  2.73739  3.18146  2.89801  2.37887  2.77519  2.98518  4.58477  3.61503
          0.01508  4.59806  5.32041  0.61958  0.77255  0.55848  0.84881
    113   2.70559  4.15290  2.10856  2.39073  3.18470  2.54535  3.73331  3.75375  2.50751  3.16811  4.10524  2.53649  3.84895  2.86094  2.98441  2.60377  2.78252  3.39437  5.52325  4.16077    320 d - - -
          2.68618  4.42225  2.77519  2.73123  3.46354  2.40513  3.72494  3.29354  2.67741  2.69355  4.24690  2.90347  2.73739  3.18146  2.89801  2.37887  2.77519  2.98518  4.58477  3.61503
          0.03336  4.58703  3.78875  0.61958  0.77255  0.55848  0.84881
    114   2.31226  4.00534  4.29594  3.30189  3.24092  3.79538  4.14742  1.59101  3.57584  2.29432  3.25159  3.88388  4.23704  3.78492  3.73165  3.11649  2.76064  1.83450  4.83106  3.62220    321 i - - -
          2.68618  4.42225  2.77519  2.73123  3.46354  2.40513  3.72494  3.29354  2.67741  2.69355  4.24690  2.90347  2.73739  3.18146  2.89801  2.37887  2.77519  2.98518  4.58477  3.61503
          0.01561  4.56343  5.28578  0.61958  0.77255  0.58869  0.80980
    115   2.67727  4.96449  2.78435  2.32073  4.30367  3.47232  3.67117  3.98349  1.99552  3.33508  4.14048  2.88258  2.89576  2.67893  2.45625  2.44547  2.43689  3.49866  5.62623  4.22663    322 k - - -
          2.68618  4.42225  2.77519  2.73123  3.46354  2.40513  3.72494  3.29354  2.67741  2.69355  4.24690  2.90347  2.73739  3.18146  2.89801  2.37887  2.77519  2.98518  4.58477  3.61503
          0.02384  4.55931  4.33617  0.61958  0.77255  0.58869  0.80980
    116   2.64538  4.22592  4.16676  3.58350  3.27305  3.93927  4.22983  2.55359  3.44787  1.11849  3.16052  3.85704  4.29453  3.71158  2.76568  3.22321  3.07440  2.49417  4.96678  3.78500    323 l - - -
          2.68618  4.42225  2.77519  2.73123  3.46354  2.40513  3.72494  3.29354  2.67741  2.69355  4.24690  2.90347  2.73739  3.18146  2.89801  2.37887  2.77519  2.98518  4.58477  3.61503
          0.01698  4.54709  5.07732  0.61958  0.77255  0.48143  0.96208
    117   2.68595  5.22366  2.24511  1.67053  4.34969  3.42515  3.53122  3.99765  2.27348  3.49880  4.17157  2.80349  3.89837  2.65205  2.91705  2.57038  2.83894  3.44511  5.66097  4.20995    324 e - - -
          2.68618  4.42225  2.77519  2.73123  3.46354  2.40513  3.72494  3.29354  2.67741  2.69355  4.24690  2.90347  2.73739  3.18146  2.89801  2.37887  2.77519  2.98518  4.58477  3.61503
          0.01521  4.58898  5.31132  0.61958  0.77255  0.52781  0.89135
    118   2.66981  4.18720  3.79983  3.22583  3.33535  3.74412  4.01564  2.52710  3.00405  2.44491  1.64737  3.49053  4.11967  2.96299  3.28147  2.71780  2.93081  2.52271  4.92233  3.70813    325 m - - -
          2.68618  4.42225  2.77520  2.73123  3.46350  2.40513  3.72495  3.29351  2.67741  2.69355  4.24690  2.90347  2.73740  3.18146  2.89801  2.37887  2.77520  2.98518  4.58477  3.61503
          0.05310  4.17782  3.31356  0.62542  0.76579  0.52911  0.88948
    119   2.66863  5.25997  1.42831  2.01252  4.56526  3.27468  3.76257  3.80069  2.55123  3.55299  4.33239  2.92594  3.93044  2.88706  3.08358  2.76076  3.06120  3.32176  5.72307  4.24751    328 d - - -
          2.68617  4.42226  2.77520  2.73124  3.46353  2.40513  3.72495  3.29345  2.67742  2.69355  4.24690  2.90345  2.73740  3.18147  2.89801  2.37886  2.77520  2.98519  4.58478  3.61504
          0.17948  3.78914  1.95421  0.74729  0.64179  0.49378  0.94241
    120   2.30170  4.34599  2.99200  2.53008  3.91621  3.41947  3.68208  3.26953  2.41370  2.57645  3.78571  2.98370  2.68137  2.85951  2.72787  2.54866  2.83568  3.01086  5.22852  3.91968    335 a - - -
          2.68618  4.42225  2.77519  2.73123  3.46354  2.40513  3.72494  3.29354  2.67741  2.69355  4.24690  2.90347  2.73739  3.18146  2.89801  2.37887  2.77519  2.98518  4.58477  3.61503
          0.06152  4.19439  3.11023  0.61958  0.77255  0.72204  0.66506
    121   2.60927  4.57231  3.08107  2.01459  3.70040  3.49496  3.71022  3.07271  2.59748  2.78817  3.66190  3.10110  3.88264  2.93617  3.00576  2.60952  2.84082  2.78436  3.32932  2.96456    336 e - - -
          2.68618  4.42225  2.77519  2.73123  3.46354  2.40513  3.72494  3.29354  2.67741  2.69355  4.24690  2.90347  2.73739  3.18146  2.89801  2.37887  2.77519  2.98518  4.58477  3.61503
          0.03841  4.15641  3.81583  0.61958  0.77255  0.52971  0.88861
    122   2.43612  3.43675  3.76952  3.19903  3.37313  3.64618  3.96942  2.59945  3.11636  2.36212  3.35758  3.52039  4.04135  3.39548  2.92982  2.87716  2.16281  1.89516  4.85772  3.64640    337 v - - -
          2.68621  4.42228  2.77523  2.73126  3.46357  2.40516  3.72466  3.29357  2.67733  2.69358  4.24693  2.90350  2.73743  3.18137  2.89804  2.37887  2.77523  2.98502  4.58480  3.61506
          0.07578  2.95521  3.86725  0.98121  0.46978  0.64520  0.74351
    123   2.56818  4.14992  2.98031  2.20331  4.07626  3.34139  3.26054  3.60781  2.15242  2.97357  3.68127  2.93853  3.83187  2.45643  2.77278  2.42569  2.85907  3.09367  5.39713  4.04281    343 k - - -
          2.68618  4.42225  2.77519  2.73123  3.46354  2.40513  3.72494  3.29354  2.67741  2.69355  4.24690  2.90347  2.73739  3.18146  2.89801  2.37887  2.77519  2.98518  4.58477  3.61503
          0.09820  4.25191  2.53457  0.61958  0.77255  0.66134  0.72600
    124   2.62139  4.60739  2.84922  2.21793  4.31000  3.41108  3.47072  3.54907  2.03940  3.17669  4.06178  2.72454  3.80272  2.66806  2.33512  2.50380  2.74532  3.37562  5.46456  4.08889    344 k - - -
          2.68618  4.42225  2.77520  2.73124  3.46354  2.40513  3.72495  3.29354  2.67737  2.69355  4.24690  2.90347  2.73740  3.18147  2.89801  2.37887  2.77520  2.98519  4.58453  3.61503
          0.04291  3.53150  4.36283  0.63020  0.76033  0.73926  0.64906
    125   2.60713  4.94326  2.91371  2.06518  4.22268  3.40156  3.60847  3.46818  2.14654  3.09559  4.00278  2.88368  3.49110  2.67749  2.77244  2.30349  2.70602  3.15753  5.41677  3.90804    347 e - - -
          2.68618  4.42225  2.77519  2.73123  3.46354  2.40513  3.72494  3.29354  2.67741  2.69355  4.24690  2.90347  2.73739  3.18146  2.89801  2.37887  2.77519  2.98518  4.58477  3.61503
          0.04803  4.17147  3.45878  0.61958  0.77255  0.74433  0.64446
    126   2.61231  4.77598  2.80731  2.14385  4.33697  3.25988  3.54852  3.75476  1.99821  3.28988  4.07947  2.40220  3.59706  2.68019  2.74734  2.55417  2.84338  3.25990  5.48129  4.01035    348 k - - -
          2.68615  4.42226  2.77520  2.73124  3.46354  2.40513  3.72495  3.29352  2.67741  2.69354  4.24690  2.90345  2.73740  3.18147  2.89801  2.37887  2.77520  2.98517  4.58477  3.61504
          0.04283  3.81940  3.91296  0.75491  0.63498  0.76687  0.62449
    127   2.49301  4.19852  3.65655  3.01691  3.30452  3.46218  3.88071  2.00467  2.82918  2.26894  2.98804  3.43010  3.76251  3.24616  3.20055  2.87056  2.74547  2.31263  4.79624  3.58123    355 i - - -
          2.68584  4.42252  2.77559  2.73134  3.46357  2.40533  3.72513  3.29375  2.67707  2.69354  4.24688  2.90335  2.73721  3.18149  2.89809  2.37903  2.77521  2.98490  4.58522  3.61450
          0.36486  1.21088  4.85717  2.00771  0.14421  0.76739  0.62404
    128   2.52287  3.38777  3.47626  2.90818  3.43934  3.56482  3.82285  2.79411  2.56729  2.36148  2.92783  3.30944  3.94614  2.93613  3.20130  2.45917  2.69644  2.33848  4.88591  3.65326    386 v - - -
          2.68616  4.42226  2.77520  2.73123  3.46355  2.40511  3.72496  3.29355  2.67742  2.69353  4.24691  2.90348  2.73741  3.18147  2.89796  2.37886  2.77521  2.98519  4.58478  3.61504
          0.06272  2.93628  4.86267  0.62327  0.76827  0.72620  0.66115
    129   2.36138  4.71697  2.89997  2.49830  3.93355  3.42290  3.66530  3.33487  2.31534  2.55570  3.72981  2.97980  3.76084  2.75211  2.56501  2.66914  2.80254  2.57849  5.23529  3.92293    391 k - - -
          2.68618  4.42225  2.77519  2.73123  3.46354  2.40513  3.72494  3.29354  2.67741  2.69355  4.24690  2.90347  2.73739  3.18146  2.89801  2.37887  2.77519  2.98518  4.58477  3.61503
          0.02335  4.16475  4.88710  0.61958  0.77255  0.69419  0.69211
    130   2.34758  3.61994  3.97500  3.33500  3.19743  3.61398  3.97789  2.44129  3.24991  2.08592  3.12712  3.62999  4.05121  3.45780  3.48923  2.94414  2.39145  2.00449  4.50121  3.05947    392 v - - -
          2.68618  4.42225  2.77519  2.73123  3.46354  2.40513  3.72494  3.29354  2.67741  2.69355  4.24690  2.90347  2.73739  3.18146  2.89801  2.37887  2.77519  2.98518  4.58477  3.61503
          0.02268  4.19357  4.91591  0.61958  0.77255  0.36177  1.19220
    131   2.18644  3.23540  3.66271  2.85914  3.06515  3.37857  3.54681  2.65756  2.97402  2.37488  3.38198  3.45900  3.95729  3.18761  3.04735  2.88711  2.78471  2.26206  4.89197  3.24114    393 a - - -
          2.68618  4.42225  2.77519  2.73123  3.46354  2.40513  3.72494  3.29354  2.67741  2.69355  4.24690  2.90347  2.73739  3.18146  2.89801  2.37887  2.77519  2.98518  4.58477  3.61503
          0.01260  4.38022        *  0.61958  0.77255  0.00000        *
//
