HMMER3/f [3.4 | Aug 2023]
NAME  holinall
LENG  125
ALPH  amino
RF    no
MM    no
CONS  yes
CS    no
MAP   yes
DATE  Tue Sep 17 21:27:05 2024
NSEQ  201
EFFN  4.192612
CKSUM 1102514485
STATS LOCAL MSV       -9.8448  0.71267
STATS LOCAL VITERBI  -10.6818  0.71267
STATS LOCAL FORWARD   -4.6591  0.71267
HMM          A        C        D        E        F        G        H        I        K        L        M        N        P        Q        R        S        T        V        W        Y   
            m->m     m->i     m->d     i->m     i->i     d->m     d->d
  COMPO   2.25187  4.51712  3.35297  3.01469  2.99166  2.67260  4.05490  2.59534  2.94586  2.30003  3.28902  3.37486  3.56151  3.41181  3.19710  2.55980  2.76162  2.43203  4.59748  3.74765
          2.68613  4.42225  2.77525  2.73132  3.46338  2.40517  3.72500  3.29369  2.67743  2.69347  4.24681  2.90331  2.73739  3.18153  2.89787  2.37882  2.77520  2.98533  4.58497  3.61499
          0.05689  3.04752  4.85076  2.38967  0.09614  0.00000        *
      1   3.61738  5.32427  5.05629  4.86863  4.37340  4.35280  5.47396  3.75637  4.58216  3.15076  0.30658  4.84376  5.05013  4.99389  4.69572  3.51827  4.08059  3.67849  6.14055  4.82780     53 M - - -
          2.68618  4.42225  2.77520  2.73123  3.46354  2.40513  3.72495  3.29354  2.67741  2.69355  4.24690  2.90347  2.73740  3.18146  2.89801  2.37887  2.77520  2.98512  4.58477  3.61503
          0.07446  4.41456  2.81917  0.53732  0.87782  0.48576  0.95510
      2   2.43343  5.30482  3.05094  2.68126  4.59722  3.08787  3.61293  3.78289  2.19469  2.81989  3.89453  2.85087  3.08064  3.03754  3.16239  1.84146  2.47991  3.14824  5.77044  4.39373     55 s - - -
          2.68618  4.42225  2.77519  2.73123  3.46354  2.40513  3.72494  3.29354  2.67741  2.69355  4.24690  2.90347  2.73739  3.18146  2.89801  2.37887  2.77519  2.98518  4.58477  3.61503
          0.03350  5.12178  3.61263  0.61958  0.77255  0.66160  0.72572
      3   2.92281  5.17851  2.42826  1.56982  3.92994  3.74234  3.94282  3.11400  2.72901  3.02410  2.60778  2.88313  4.13298  3.08123  3.19936  2.65278  2.71328  3.28650  5.67007  4.32197     56 e - - -
          2.68619  4.42226  2.77520  2.73124  3.46354  2.40513  3.72495  3.29355  2.67741  2.69355  4.24690  2.90347  2.73740  3.18147  2.89801  2.37887  2.77520  2.98503  4.58478  3.61504
          0.02666  3.75782  5.81975  0.45121  1.01297  0.72395  0.66326
      4   3.10880  5.44328  3.15284  2.63667  4.85591  2.90229  4.13888  4.31268  2.72727  3.85341  4.64339  2.93931  0.99360  3.27419  3.42617  2.71653  2.86773  3.90761  6.03567  4.65355     58 p - - -
          2.68618  4.42225  2.77519  2.73123  3.46354  2.40513  3.72494  3.29354  2.67741  2.69355  4.24690  2.90347  2.73739  3.18146  2.89801  2.37887  2.77519  2.98518  4.58477  3.61503
          0.08235  5.09740  2.61821  0.61958  0.77255  0.72395  0.66326
      5   2.76322  4.32786  4.67747  2.99827  2.93841  3.96663  4.38632  2.28007  3.90313  1.88029  3.44530  4.15641  3.85452  3.74818  3.98339  3.36599  2.90919  1.54735  2.66996  3.76510     59 v - - -
          2.68618  4.42225  2.77519  2.73123  3.46354  2.40513  3.72494  3.29354  2.67741  2.69355  4.24690  2.90347  2.73739  3.18146  2.89801  2.37887  2.77519  2.98518  4.58477  3.61503
          0.03231  5.02487  3.68001  0.61958  0.77255  0.88213  0.53426
      6   2.88982  5.21365  3.22254  2.67068  4.51163  3.04015  3.89800  3.40115  2.07786  3.50867  4.29208  3.20103  3.59762  2.86633  3.13306  1.96251  1.63239  3.58388  5.70561  4.34188     60 t - - -
          2.68619  4.42227  2.77521  2.73125  3.46355  2.40514  3.72496  3.29355  2.67742  2.69348  4.24691  2.90348  2.73733  3.18148  2.89802  2.37882  2.77521  2.98520  4.58478  3.61505
          0.02359  3.90955  5.72494  0.76900  0.62264  0.80399  0.59338
      7   2.45000  5.21625  3.22472  2.53106  4.49701  2.77196  3.89698  3.21046  2.66677  3.49645  4.28073  2.22155  4.09022  3.02217  2.83837  2.17856  1.94911  3.30993  5.69744  4.33284     64 t - - -
          2.68618  4.42225  2.77519  2.73123  3.46354  2.40513  3.72494  3.29354  2.67741  2.69355  4.24690  2.90347  2.73739  3.18146  2.89801  2.37887  2.77519  2.98518  4.58477  3.61503
          0.02852  5.02998  3.83613  0.61958  0.77255  0.87211  0.54140
      8   2.09568  5.15550  3.20123  2.11729  4.41699  2.76517  3.90379  3.84613  2.68675  2.98002  3.14208  3.02030  4.09351  3.03940  3.15861  2.43431  1.96090  3.50118  5.64701  4.29547     65 t - - -
          2.68621  4.42228  2.77523  2.73126  3.46357  2.40516  3.72432  3.29315  2.67744  2.69358  4.24693  2.90350  2.73743  3.18149  2.89804  2.37890  2.77523  2.98521  4.58480  3.61506
          0.13204  3.11513  2.53428  0.65731  0.73032  0.90780  0.51653
      9   2.16672  4.99077  2.91668  2.74137  3.58556  2.36150  3.65077  3.62479  2.70573  3.24758  4.07278  3.25175  2.59756  3.07899  3.18888  2.88875  2.09201  2.74775  5.51182  4.19137     68 t - - -
          2.68619  4.42226  2.77520  2.73124  3.46355  2.40504  3.72495  3.29355  2.67741  2.69356  4.24690  2.90347  2.73740  3.18147  2.89801  2.37887  2.77520  2.98519  4.58478  3.61504
          0.26460  3.52774  1.59399  0.44040  1.03221  0.98057  0.47016
     10   1.81543  4.72137  3.37995  2.82008  3.91320  2.96298  3.90842  3.03207  2.79917  2.84746  3.39008  2.15925  4.05981  3.13105  3.22091  2.62686  2.70677  2.75548  5.28365  4.00480     70 a - - -
          2.68609  4.42226  2.77520  2.73124  3.46354  2.40513  3.72495  3.29354  2.67741  2.69355  4.24690  2.90347  2.73740  3.18147  2.89801  2.37887  2.77520  2.98519  4.58477  3.61504
          0.03404  3.53448  5.44992  0.47491  0.97271  0.66983  0.71703
     11   1.76396  4.56409  3.79260  2.82628  3.36970  2.98820  4.11901  2.22198  3.17414  2.73180  3.29285  3.61709  4.23971  3.10354  3.51624  2.61401  2.50659  2.44600  5.14975  3.92038     72 a - - -
          2.68611  4.42240  2.77534  2.73138  3.46369  2.40514  3.72509  3.29356  2.67756  2.69282  4.24705  2.90362  2.73754  3.18161  2.89816  2.37840  2.77531  2.98533  4.58492  3.61518
          0.36808  1.58745  2.26825  0.65960  0.72786  0.95468  0.48603
     12   2.25488  4.40391  4.01727  3.44126  3.01480  2.88839  4.16711  2.87001  3.13621  2.32853  2.35724  3.75201  4.25856  3.62384  3.62980  2.82481  1.83839  2.50008  5.00631  3.79909     79 t - - -
          2.68618  4.42225  2.77519  2.73123  3.46354  2.40513  3.72494  3.29354  2.67741  2.69355  4.24690  2.90347  2.73739  3.18146  2.89801  2.37887  2.77519  2.98518  4.58477  3.61503
          0.01160  4.85802  5.58037  0.61958  0.77255  0.86288  0.54809
     13   1.94199  4.30958  4.50841  3.91321  2.87259  2.66435  4.31803  2.74954  3.76466  1.73016  2.95932  4.04993  4.37049  3.95599  3.88806  3.20317  2.38523  2.23695  4.92566  3.22019     80 l - - -
          2.68618  4.42225  2.77519  2.73123  3.46354  2.40513  3.72494  3.29354  2.67741  2.69355  4.24690  2.90347  2.73739  3.18146  2.89801  2.37887  2.77519  2.98518  4.58477  3.61503
          0.01072  4.93637  5.65872  0.61958  0.77255  1.03460  0.43907
     14   1.74764  4.33668  4.41956  3.83001  3.44178  3.35593  4.30694  2.06311  3.69834  2.01821  3.04022  4.00643  4.36334  3.90630  3.85440  2.86046  2.21115  2.33440  4.95577  3.76693     81 a - - -
          2.68618  4.42225  2.77519  2.73123  3.46354  2.40513  3.72494  3.29354  2.67741  2.69355  4.24690  2.90347  2.73739  3.18146  2.89801  2.37887  2.77519  2.98518  4.58477  3.61503
          0.01072  4.93637  5.65872  0.61958  0.77255  0.91016  0.51493
     15   2.11910  4.46149  5.03861  4.44514  2.72237  4.33442  4.69842  1.98873  4.26123  1.72065  3.54232  4.47732  4.67738  4.40909  4.30284  3.65566  3.06343  1.34456  5.18714  4.01122     82 v - - -
          2.68618  4.42225  2.77519  2.73123  3.46354  2.40513  3.72494  3.29354  2.67741  2.69355  4.24690  2.90347  2.73739  3.18146  2.89801  2.37887  2.77519  2.98518  4.58477  3.61503
          0.04107  4.96672  3.40297  0.61958  0.77255  0.80668  0.59120
     16   2.66533  4.44294  4.13890  3.56220  2.32936  2.27448  4.24905  2.70970  3.47489  2.49096  3.55987  3.22172  4.33014  3.72907  3.72564  3.22659  1.68432  2.33360  5.05278  3.84912     83 t - - -
          2.68618  4.42225  2.77519  2.73123  3.46354  2.40513  3.72494  3.29354  2.67741  2.69355  4.24690  2.90347  2.73739  3.18146  2.89801  2.37887  2.77519  2.98518  4.58477  3.61503
          0.01025  4.98112  5.70347  0.61958  0.77255  0.96209  0.48142
     17   2.77102  5.01076  3.38877  2.83650  4.29418  1.23491  3.99043  3.21652  2.50134  3.32144  4.14908  3.33093  4.14573  3.15946  2.84544  2.51259  3.01363  3.18522  5.58214  4.27207     84 g - - -
          2.68618  4.42225  2.77519  2.73123  3.46354  2.40513  3.72494  3.29354  2.67741  2.69355  4.24690  2.90347  2.73739  3.18146  2.89801  2.37887  2.77519  2.98518  4.58477  3.61503
          0.01025  4.98112  5.70347  0.61958  0.77255  0.83764  0.56692
     18   2.01311  4.46356  5.03602  4.43924  3.21658  4.32360  4.68118  1.88101  4.25176  2.25953  1.99602  4.46715  4.66883  4.39719  4.28978  3.64282  3.15444  1.48168  5.17128  3.99627     85 v - - -
          2.68619  4.42226  2.77521  2.73125  3.46355  2.40497  3.72496  3.29355  2.67742  2.69356  4.24691  2.90348  2.73741  3.18148  2.89802  2.37888  2.77521  2.98520  4.58478  3.61504
          0.04869  3.11680  5.73543  0.35484  1.20827  0.82671  0.57534
     19   2.10973  4.86777  3.30501  3.15439  4.30270  3.47540  4.25118  3.02098  3.15276  3.35977  4.20812  3.57086  4.24611  3.47395  3.56452  2.32687  1.07284  3.36489  5.66106  4.38959     87 t - - -
          2.68618  4.42225  2.77519  2.73123  3.46354  2.40513  3.72494  3.29354  2.67741  2.69355  4.24690  2.90347  2.73739  3.18146  2.89801  2.37887  2.77519  2.98518  4.58477  3.61503
          0.24934  5.03450  1.54096  0.61958  0.77255  0.87449  0.53970
     20   2.59806  4.29917  4.84746  4.24230  2.49463  4.11609  4.44863  1.52153  4.04540  1.81923  3.35002  4.25982  4.46620  4.18036  4.07351  3.43012  3.16324  1.94423  4.93452  2.76074     88 i - - -
          2.68618  4.42225  2.77519  2.73123  3.46354  2.40513  3.72494  3.29354  2.67741  2.69355  4.24690  2.90347  2.73739  3.18146  2.89801  2.37887  2.77519  2.98518  4.58477  3.61503
          0.01233  4.79750  5.51984  0.61958  0.77255  1.12243  0.39377
     21   1.69434  4.24933  4.64462  4.04220  3.16405  3.50059  4.33359  2.15756  3.86524  2.04427  2.92896  4.11008  4.36922  4.02897  3.93525  3.31086  3.08259  1.70527  4.87959  3.45023     89 a - - -
          2.68618  4.42225  2.77519  2.73123  3.46354  2.40513  3.72494  3.29354  2.67741  2.69355  4.24690  2.90347  2.73739  3.18146  2.89801  2.37887  2.77519  2.98518  4.58477  3.61503
          0.01199  4.82549  5.54783  0.61958  0.77255  1.19164  0.36201
     22   2.24086  5.12634  2.90534  2.55758  4.61144  1.63252  3.98050  4.06290  2.78516  3.61966  4.40268  3.21289  4.07332  3.11512  3.26445  1.96055  2.38491  3.64871  5.81115  4.44669     90 g - - -
          2.68618  4.42225  2.77519  2.73123  3.46354  2.40513  3.72494  3.29354  2.67741  2.69355  4.24690  2.90347  2.73739  3.18146  2.89801  2.37887  2.77519  2.98518  4.58477  3.61503
          0.01199  4.82549  5.54783  0.61958  0.77255  0.95989  0.48278
     23   2.95498  4.32997  4.86612  4.25539  2.17529  4.12592  4.45166  2.45184  4.05430  1.31541  2.96799  4.27096  2.96513  4.18112  4.07670  3.43749  3.18557  2.06157  3.62789  3.76647     91 l - - -
          2.68618  4.42225  2.77519  2.73123  3.46354  2.40513  3.72494  3.29354  2.67741  2.69355  4.24690  2.90347  2.73739  3.18146  2.89801  2.37887  2.77519  2.98518  4.58477  3.61503
          0.01123  4.89104  5.61339  0.61958  0.77255  0.99975  0.45882
     24   2.45900  4.33750  4.69005  4.09503  1.57993  4.07667  3.55111  2.75321  3.91986  1.54414  3.43049  4.16186  4.43807  4.07975  3.99388  3.38103  3.16695  2.23136  4.85720  3.20758     92 l - - -
          2.68618  4.42225  2.77519  2.73123  3.46354  2.40513  3.72494  3.29354  2.67741  2.69355  4.24690  2.90347  2.73739  3.18146  2.89801  2.37887  2.77519  2.98518  4.58477  3.61503
          0.01092  4.91877  5.64112  0.61958  0.77255  1.07025  0.41995
     25   1.97497  4.81076  3.15106  2.87969  3.28498  3.18564  3.97441  3.22798  2.86010  2.82827  3.90558  3.35869  3.02723  3.19288  3.28492  1.72573  2.85397  2.78949  5.36312  4.08154     93 s - - -
          2.68618  4.42225  2.77519  2.73123  3.46354  2.40513  3.72494  3.29354  2.67741  2.69355  4.24690  2.90347  2.73739  3.18146  2.89801  2.37887  2.77519  2.98518  4.58477  3.61503
          0.01092  4.91877  5.64112  0.61958  0.77255  0.90991  0.51510
     26   2.86739  5.10576  3.24179  2.56485  3.52235  1.47627  3.04389  3.77892  2.67872  3.36949  4.17405  2.74588  4.07982  3.03258  2.85878  2.69320  2.73917  3.44449  4.70081  4.25630     94 g - - -
          2.68618  4.42225  2.77519  2.73123  3.46354  2.40513  3.72494  3.29354  2.67741  2.69355  4.24690  2.90347  2.73739  3.18146  2.89801  2.37887  2.77519  2.98518  4.58477  3.61503
          0.01048  4.95910  5.68145  0.61958  0.77255  1.00876  0.45361
     27   2.42435  4.36858  3.31656  3.73039  2.84701  3.80944  4.28183  2.16525  3.61554  1.78308  3.48330  3.95003  3.10745  3.84025  3.80591  2.94625  2.38075  2.10523  4.97952  3.78624     95 l - - -
          2.68618  4.42225  2.77519  2.73123  3.46354  2.40513  3.72494  3.29354  2.67741  2.69355  4.24690  2.90347  2.73739  3.18146  2.89801  2.37887  2.77519  2.98518  4.58477  3.61503
          0.01048  4.95910  5.68145  0.61958  0.77255  1.00876  0.45361
     28   2.58602  5.38401  1.34727  2.44932  4.70593  3.24043  3.88123  4.17972  2.64540  3.68124  4.43744  3.13260  2.82096  2.85514  3.14139  2.78123  2.70284  3.76350  5.83284  3.78786     96 d - - -
          2.68618  4.42225  2.77519  2.73123  3.46354  2.40513  3.72494  3.29354  2.67741  2.69355  4.24690  2.90347  2.73739  3.18146  2.89801  2.37887  2.77519  2.98518  4.58477  3.61503
          0.01048  4.95910  5.68145  0.61958  0.77255  1.00876  0.45361
     29   1.63231  4.58802  3.76687  2.87842  2.81137  3.85788  4.11382  3.08483  3.15270  2.62664  3.69242  3.60116  2.82116  3.45274  3.50300  2.56899  2.71584  2.67175  5.17162  2.72494     97 a - - -
          2.68582  4.42228  2.77522  2.73126  3.46356  2.40515  3.72497  3.29356  2.67743  2.69357  4.24692  2.90349  2.73742  3.18149  2.89803  2.37889  2.77522  2.98521  4.58479  3.61506
          0.08046  2.60508  5.68145  0.27530  1.42439  1.00876  0.45361
     30   2.54937  5.47144  2.12455  2.35972  4.80961  1.76221  3.92031  4.29524  2.53435  3.78060  4.53358  3.13696  2.59516  3.02908  3.20286  2.34935  3.21147  3.86248  5.92044  4.50091     99 g - - -
          2.68618  4.42225  2.77519  2.73123  3.46354  2.40513  3.72494  3.29354  2.67741  2.69355  4.24690  2.90347  2.73739  3.18146  2.89801  2.37887  2.77519  2.98518  4.58477  3.61503
          0.01048  4.95910  5.68145  0.61958  0.77255  1.00876  0.45361
     31   2.90195  4.64590  5.19273  4.63056  3.87131  4.63043  5.05703  1.66811  4.47858  2.51075  3.58918  4.73696  4.95331  4.68368  3.70183  3.96859  3.56754  0.77382  5.57177  4.37990    100 v - - -
          2.68618  4.42225  2.77519  2.73123  3.46354  2.40513  3.72494  3.29354  2.67741  2.69355  4.24690  2.90347  2.73739  3.18146  2.89801  2.37887  2.77519  2.98518  4.58477  3.61503
          0.01040  4.96682  5.68917  0.61958  0.77255  0.31507  1.30837
     32   2.92814  4.59842  5.23049  4.62757  2.74252  4.46982  4.82006  1.65063  4.42760  1.55570  3.18896  4.63237  4.80263  4.54516  4.43839  3.79173  3.48540  1.35199  5.26962  3.73761    101 v - - -
          2.68618  4.42225  2.77519  2.73123  3.46354  2.40513  3.72494  3.29354  2.67741  2.69355  4.24690  2.90347  2.73739  3.18146  2.89801  2.37887  2.77519  2.98518  4.58477  3.61503
          0.00848  5.17041  5.89276  0.61958  0.77255  0.55452  0.85413
     33   3.37098  4.40147  5.35445  4.75542  2.55477  4.60743  4.96181  1.41705  4.56164  1.20018  3.13998  4.77123  4.92038  4.66414  4.56934  3.93461  3.10738  2.04679  5.37954  4.23494    102 l - - -
          2.68618  4.42225  2.77519  2.73123  3.46354  2.40513  3.72494  3.29354  2.67741  2.69355  4.24690  2.90347  2.73739  3.18146  2.89801  2.37887  2.77519  2.98518  4.58477  3.61503
          0.00848  5.17041  5.89276  0.61958  0.77255  0.55452  0.85413
     34   2.12931  4.91440  4.76710  4.56515  3.92173  0.44850  5.44020  4.78334  4.62079  4.48704  5.29327  4.38979  4.55268  4.80585  4.81186  2.68762  3.55081  4.10856  6.69302  5.53765    103 G - - -
          2.68618  4.42225  2.77519  2.73123  3.46354  2.40513  3.72494  3.29354  2.67741  2.69355  4.24690  2.90347  2.73739  3.18146  2.89801  2.37887  2.77519  2.98518  4.58477  3.61503
          0.00848  5.17041  5.89276  0.61958  0.77255  0.55452  0.85413
     35   0.35562  4.90234  5.08809  4.94754  5.59654  3.70722  5.68190  5.04082  4.92124  4.76123  5.53010  4.51467  4.56575  5.07247  5.01879  2.23820  2.79015  4.22797  6.94923  5.88224    104 A - - -
          2.68618  4.42225  2.77519  2.73123  3.46354  2.40513  3.72494  3.29354  2.67741  2.69355  4.24690  2.90347  2.73739  3.18146  2.89801  2.37887  2.77519  2.98518  4.58477  3.61503
          0.00848  5.17041  5.89276  0.61958  0.77255  0.55452  0.85413
     36   3.36427  4.70553  5.30086  4.70616  1.07560  4.58349  4.90948  1.90979  4.51661  1.77968  3.58632  4.73145  4.90147  4.62492  4.53601  3.33707  3.59601  2.22731  5.32924  4.14689    105 f - - -
          2.68618  4.42225  2.77519  2.73123  3.46354  2.40513  3.72494  3.29354  2.67741  2.69355  4.24690  2.90347  2.73739  3.18146  2.89801  2.37887  2.77519  2.98518  4.58477  3.61503
          0.00848  5.17041  5.89276  0.61958  0.77255  0.52481  0.89567
     37   1.30570  3.32417  4.43221  3.85757  3.65932  2.83729  4.43649  1.94855  3.74783  2.75023  3.66655  4.06715  4.46116  3.97664  3.94748  2.52282  2.65550  2.75882  4.73261  3.96785    106 a - - -
          2.68618  4.42225  2.77519  2.73123  3.46354  2.40513  3.72494  3.29354  2.67741  2.69355  4.24690  2.90347  2.73739  3.18146  2.89801  2.37887  2.77519  2.98518  4.58477  3.61503
          0.00843  5.17594  5.89829  0.61958  0.77255  0.50973  0.91794
     38   3.14870  5.13085  4.02079  4.00545  5.72217  0.45849  5.35003  5.26792  4.49689  4.89547  5.67341  3.04680  4.60522  4.63568  4.81608  2.02678  3.69835  4.43815  7.01539  5.80765    107 G - - -
          2.68618  4.42225  2.77519  2.73123  3.46354  2.40513  3.72494  3.29354  2.67741  2.69355  4.24690  2.90347  2.73739  3.18146  2.89801  2.37887  2.77519  2.98518  4.58477  3.61503
          0.00839  5.18100  5.90334  0.61958  0.77255  0.52073  0.90162
     39   0.97803  4.76240  4.16622  3.65093  3.92419  3.96205  4.46760  3.41078  3.58756  2.71454  4.03787  3.94687  4.46271  3.87828  3.89155  2.14649  3.35248  3.16166  5.40952  2.22146    108 a - - -
          2.68618  4.42225  2.77519  2.73123  3.46354  2.40513  3.72494  3.29354  2.67741  2.69355  4.24690  2.90347  2.73739  3.18146  2.89801  2.37887  2.77519  2.98518  4.58477  3.61503
          0.00839  5.18100  5.90334  0.61958  0.77255  0.52073  0.90162
     40   2.09367  4.41951  4.79291  4.19125  3.51975  3.35046  4.49318  2.06720  4.01683  2.14562  2.49937  4.26495  4.53087  4.18382  4.09221  2.18683  3.24778  1.67933  5.04703  3.86604    109 v - - -
          2.68618  4.42225  2.77519  2.73123  3.46354  2.40513  3.72494  3.29354  2.67741  2.69355  4.24690  2.90347  2.73739  3.18146  2.89801  2.37887  2.77519  2.98518  4.58477  3.61503
          0.00839  5.18100  5.90334  0.61958  0.77255  0.52073  0.90162
     41   3.02198  4.39654  4.97625  4.36229  1.92219  4.19158  4.52108  1.68994  3.33931  1.83698  3.41886  4.35045  4.55313  4.28023  4.16023  3.50300  3.25397  1.88441  3.62853  3.35466    110 i - - -
          2.68618  4.42225  2.77519  2.73123  3.46354  2.40513  3.72494  3.29354  2.67741  2.69355  4.24690  2.90347  2.73739  3.18146  2.89801  2.37887  2.77519  2.98518  4.58477  3.61503
          0.00839  5.18100  5.90334  0.61958  0.77255  0.52073  0.90162
     42   3.03915  3.79050  4.65206  4.06104  1.34386  4.16037  4.43019  2.91720  2.51374  2.56369  3.59059  4.19425  4.52645  4.10103  3.27732  3.45627  3.27087  2.46296  3.72296  2.15663    111 f - - -
          2.68618  4.42225  2.77519  2.73123  3.46354  2.40513  3.72494  3.29354  2.67741  2.69355  4.24690  2.90347  2.73739  3.18146  2.89801  2.37887  2.77519  2.98518  4.58477  3.61503
          0.00839  5.18100  5.90334  0.61958  0.77255  0.52073  0.90162
     43   3.34626  4.83938  5.54096  5.00109  4.14742  4.01977  5.42550  1.61327  4.86539  2.40794  4.02115  5.07499  5.23918  5.06522  4.95810  4.28118  3.25468  0.68520  5.89795  4.69614    112 V - - -
          2.68618  4.42225  2.77519  2.73123  3.46354  2.40513  3.72494  3.29354  2.67741  2.69355  4.24690  2.90347  2.73739  3.18146  2.89801  2.37887  2.77519  2.98518  4.58477  3.61503
          0.00839  5.18100  5.90334  0.61958  0.77255  0.52073  0.90162
     44   2.97918  4.59149  5.20124  4.59612  2.79374  4.44642  4.79092  1.64375  4.39620  1.17608  3.00889  4.60503  4.78081  4.51328  4.40895  3.76612  2.57027  2.15799  5.24467  4.08706    113 l - - -
          2.68618  4.42225  2.77519  2.73123  3.46354  2.40513  3.72494  3.29354  2.67741  2.69355  4.24690  2.90347  2.73739  3.18146  2.89801  2.37887  2.77519  2.98518  4.58477  3.61503
          0.00839  5.18100  5.90334  0.61958  0.77255  0.52073  0.90162
     45   2.68512  5.41604  2.87547  2.57490  4.47922  3.73876  3.92952  4.21083  2.67382  3.71236  4.46291  2.12655  4.13258  2.57838  3.16294  1.55669  2.28663  3.35005  5.86219  4.11134    114 s - - -
          2.68623  4.42230  2.77524  2.73128  3.46358  2.40517  3.72499  3.29359  2.67722  2.69336  4.24694  2.90351  2.73731  3.18151  2.89805  2.37891  2.77512  2.98523  4.58481  3.61508
          0.04101  3.28471  5.90334  0.88922  0.52929  0.52073  0.90162
     46   1.53056  5.49560  2.85518  2.32100  4.83639  2.34589  3.97503  4.31673  2.73112  3.80586  4.55404  3.22926  4.16791  2.29158  3.22713  2.12819  3.24815  3.77378  5.94649  4.53729    118 a - - -
          2.68618  4.42225  2.77519  2.73123  3.46354  2.40513  3.72494  3.29354  2.67741  2.69355  4.24690  2.90347  2.73739  3.18146  2.89801  2.37887  2.77519  2.98518  4.58477  3.61503
          0.00839  5.18100  5.90334  0.61958  0.77255  0.52073  0.90162
     47   2.48379  5.46754  3.00554  1.92155  4.37741  3.56462  3.44426  4.29977  1.88421  3.77311  4.50803  2.76474  3.82920  2.40107  2.76606  2.24658  2.73247  3.85856  5.89979  4.48842    119 k - - -
          2.68618  4.42225  2.77519  2.73123  3.46354  2.40513  3.72494  3.29354  2.67741  2.69355  4.24690  2.90347  2.73739  3.18146  2.89801  2.37887  2.77519  2.98518  4.58477  3.61503
          0.00838  5.18244  5.90479  0.61958  0.77255  0.52073  0.90162
     48   2.49523  4.46283  1.73143  1.78284  4.80309  3.73027  3.91795  4.28726  2.44358  3.76480  4.50203  3.00168  3.73393  2.72302  2.95043  2.79305  2.62386  3.36676  5.89486  4.48540    120 d - - -
          2.68618  4.42225  2.77519  2.73123  3.46354  2.40513  3.72494  3.29354  2.67741  2.69355  4.24690  2.90347  2.73739  3.18146  2.89801  2.37887  2.77519  2.98518  4.58477  3.61503
          0.00838  5.18244  5.90479  0.61958  0.77255  0.52073  0.90162
     49   3.26389  4.63178  5.06772  4.49802  1.35367  4.39002  3.80744  2.37562  4.29799  1.63623  3.72834  4.46519  4.74335  4.41095  3.55994  3.70372  3.49405  2.88924  4.82669  1.98804    121 f - - -
          2.68618  4.42225  2.77519  2.73123  3.46354  2.40513  3.72494  3.29354  2.67741  2.69355  4.24690  2.90347  2.73739  3.18146  2.89801  2.37887  2.77519  2.98518  4.58477  3.61503
          0.00838  5.18244  5.90479  0.61958  0.77255  0.52073  0.90162
     50   2.92667  5.42537  2.90975  2.66574  4.75331  2.99783  3.92569  3.69329  2.55317  3.65882  4.47064  2.86938  2.43901  2.87953  2.73977  1.61143  2.44859  3.80679  5.86849  3.72892    122 s - - -
          2.68618  4.42225  2.77519  2.73123  3.46354  2.40513  3.72494  3.29354  2.67741  2.69355  4.24690  2.90347  2.73739  3.18146  2.89801  2.37887  2.77519  2.98518  4.58477  3.61503
          0.00838  5.18244  5.90479  0.61958  0.77255  0.52073  0.90162
     51   2.88942  3.57545  4.39091  3.80664  3.27822  3.08884  3.76544  2.36549  3.28254  1.86007  3.60668  2.84687  4.45776  3.92817  2.68344  3.36880  3.01093  2.48603  2.15000  3.90673    123 l - - -
          2.68618  4.42225  2.77519  2.73123  3.46354  2.40513  3.72494  3.29354  2.67741  2.69355  4.24690  2.90347  2.73739  3.18146  2.89801  2.37887  2.77519  2.98518  4.58477  3.61503
          0.00834  5.18615  5.90849  0.61958  0.77255  0.52073  0.90162
     52   2.62583  4.57605  4.13567  3.56048  2.66914  4.03397  3.73271  2.31462  2.63781  2.16799  3.68607  3.88456  3.76789  3.75288  2.03057  2.68441  3.22341  2.61727  2.92344  3.96514    124 r - - -
          2.68618  4.42225  2.77519  2.73123  3.46354  2.40513  3.72494  3.29354  2.67741  2.69355  4.24690  2.90347  2.73739  3.18146  2.89801  2.37887  2.77519  2.98518  4.58477  3.61503
          0.00834  5.18615  5.90849  0.61958  0.77255  0.52073  0.90162
     53   2.84942  5.20458  3.34419  2.78628  3.55087  3.78901  3.22908  3.02466  1.79348  2.91410  4.19559  3.31026  4.17922  2.96289  2.24305  2.31320  2.22732  3.44378  5.69916  4.35543    125 k - - -
          2.68618  4.42225  2.77519  2.73123  3.46354  2.40513  3.72494  3.29354  2.67741  2.69355  4.24690  2.90347  2.73739  3.18146  2.89801  2.37887  2.77519  2.98518  4.58477  3.61503
          0.00833  5.18729  5.90964  0.61958  0.77255  0.52073  0.90162
     54   3.05033  5.39616  3.37743  2.80406  3.60461  3.83510  3.99360  4.13979  1.99470  2.30373  4.45280  2.96083  4.22108  2.22552  1.54509  3.04227  2.99732  3.76726  5.83818  4.48803    126 r - - -
          2.68618  4.42225  2.77519  2.73123  3.46354  2.40513  3.72494  3.29354  2.67741  2.69355  4.24690  2.90347  2.73739  3.18146  2.89801  2.37887  2.77519  2.98518  4.58477  3.61503
          0.00833  5.18729  5.90964  0.61958  0.77255  0.52073  0.90162
     55   2.19184  4.39154  4.89746  4.28716  2.46791  3.25330  4.49743  1.91545  4.08791  1.66477  3.25256  4.30588  3.83011  4.23276  4.12166  3.23149  2.72267  2.04933  5.01295  3.83528    127 l - - -
          2.68618  4.42225  2.77519  2.73123  3.46354  2.40513  3.72494  3.29354  2.67741  2.69355  4.24690  2.90347  2.73739  3.18146  2.89801  2.37887  2.77519  2.98518  4.58477  3.61503
          0.01178  5.18729  5.09630  0.61958  0.77255  0.52073  0.90162
     56   2.04809  4.39232  4.86826  4.25948  2.74394  3.02978  4.48891  2.38549  4.06554  1.61026  3.23856  4.29037  4.52522  3.64405  4.10819  2.91542  2.93790  2.02593  3.29847  3.83427    128 l - - -
          2.68618  4.42225  2.77519  2.73123  3.46354  2.40513  3.72494  3.29354  2.67741  2.69355  4.24690  2.90347  2.73739  3.18146  2.89801  2.37887  2.77519  2.98518  4.58477  3.61503
          0.00836  5.18388  5.90623  0.61958  0.77255  0.53185  0.88556
     57   2.70690  4.54612  4.21299  3.63527  2.83409  4.05034  4.33435  2.75520  3.04378  1.50219  2.89879  3.93319  4.42350  2.51082  2.95732  2.50623  3.22392  2.64414  5.14869  3.21374    129 l - - -
          2.68618  4.42225  2.77519  2.73123  3.46354  2.40513  3.72494  3.29354  2.67741  2.69355  4.24690  2.90347  2.73739  3.18146  2.89801  2.37887  2.77519  2.98518  4.58477  3.61503
          0.00836  5.18388  5.90623  0.61958  0.77255  0.53185  0.88556
     58   2.36619  3.37315  4.92901  4.31672  1.29424  3.67491  4.50093  2.31369  4.11031  1.97959  3.50413  4.31924  4.53387  4.24888  4.13246  3.16424  3.23718  2.63178  3.58833  3.82748    130 f - - -
          2.68618  4.42225  2.77519  2.73123  3.46354  2.40513  3.72494  3.29354  2.67741  2.69355  4.24690  2.90347  2.73739  3.18146  2.89801  2.37887  2.77519  2.98518  4.58477  3.61503
          0.00836  5.18388  5.90623  0.61958  0.77255  0.53185  0.88556
     59   2.59253  3.29982  4.98906  4.37576  2.27471  3.87008  4.53750  1.90149  4.16299  1.59966  3.44107  4.36228  4.56285  4.29571  4.17347  3.32071  3.25856  1.70868  5.03072  3.85440    131 l - - -
          2.68599  4.42232  2.77526  2.73130  3.46361  2.40500  3.72501  3.29361  2.67748  2.69336  4.24697  2.90354  2.73746  3.18153  2.89808  2.37875  2.77526  2.98525  4.58484  3.61510
          0.04506  3.18594  5.90623  1.09871  0.40542  0.53185  0.88556
     60   2.30938  4.46164  4.70519  4.11458  3.31949  2.96617  4.50701  2.04376  3.96315  2.62113  3.59276  4.23359  4.53652  4.15105  4.07869  2.41847  3.11375  1.20730  5.10589  3.92111    136 v - - -
          2.68618  4.42225  2.77519  2.73123  3.46354  2.40513  3.72494  3.29354  2.67741  2.69355  4.24690  2.90347  2.73739  3.18146  2.89801  2.37887  2.77519  2.98518  4.58477  3.61503
          0.00836  5.18388  5.90623  0.61958  0.77255  0.53185  0.88556
     61   2.81310  4.96129  4.87710  4.83250  5.72026  3.73446  5.70948  5.19237  4.92240  4.90958  5.67829  4.50112  4.59988  5.08901  5.02951  0.25424  3.28870  4.32619  7.05902  5.97748    137 S - - -
          2.68618  4.42225  2.77519  2.73123  3.46354  2.40513  3.72494  3.29354  2.67741  2.69355  4.24690  2.90347  2.73739  3.18146  2.89801  2.37887  2.77519  2.98518  4.58477  3.61503
          0.02000  5.18388  4.25490  0.61958  0.77255  0.53185  0.88556
     62   3.19593  4.55811  5.14026  4.52935  1.05160  4.37805  4.69778  2.13451  4.32368  2.11060  2.55610  4.53342  4.71462  4.43185  4.33069  3.69367  3.19698  2.44048  4.84849  3.68517    138 f - - -
          2.68618  4.42225  2.77519  2.73123  3.46354  2.40513  3.72494  3.29354  2.67741  2.69355  4.24690  2.90347  2.73739  3.18146  2.89801  2.37887  2.77519  2.98518  4.58477  3.61503
          0.01167  5.17234  5.12815  0.61958  0.77255  0.56831  0.83582
     63   2.84617  4.37962  4.91964  4.30753  1.94673  3.06553  4.49593  2.07524  4.10214  1.86707  2.51985  4.31236  4.52793  4.24153  4.12570  2.81066  2.87302  2.03234  5.00220  3.82530    139 l - - -
          2.68618  4.42225  2.77519  2.73123  3.46354  2.40513  3.72494  3.29354  2.67741  2.69355  4.24690  2.90347  2.73739  3.18146  2.89801  2.37887  2.77519  2.98518  4.58477  3.61503
          0.00849  5.16917  5.89151  0.61958  0.77255  0.57805  0.82324
     64   1.47740  4.00255  4.89652  4.28702  3.03438  3.70142  4.50033  2.23393  4.08875  2.28780  2.61222  4.30702  4.53265  4.23427  4.12351  3.47745  2.37678  1.94597  5.01580  3.83795    140 a - - -
          2.68618  4.42225  2.77519  2.73123  3.46354  2.40513  3.72494  3.29354  2.67741  2.69355  4.24690  2.90347  2.73739  3.18146  2.89801  2.37887  2.77519  2.98518  4.58477  3.61503
          0.00849  5.16917  5.89151  0.61958  0.77255  0.57805  0.82324
     65   4.81724  6.30554  5.66904  5.73256  6.58993  0.05407  6.59095  6.63201  6.02472  6.02064  7.10920  5.84107  5.68686  6.26344  5.99077  5.04211  5.36053  5.96080  7.23130  6.77525    141 G - - -
          2.68618  4.42225  2.77519  2.73123  3.46354  2.40513  3.72494  3.29354  2.67741  2.69355  4.24690  2.90347  2.73739  3.18146  2.89801  2.37887  2.77519  2.98518  4.58477  3.61503
          0.00849  5.16917  5.89151  0.61958  0.77255  0.57805  0.82324
     66   2.56147  3.38901  4.96901  4.35703  3.49276  3.99843  4.53076  1.71363  4.14772  1.52476  2.58301  4.35081  4.55618  4.28356  4.16363  3.20410  3.02578  1.89126  5.02843  3.85159    142 l - - -
          2.68618  4.42225  2.77519  2.73123  3.46354  2.40513  3.72494  3.29354  2.67741  2.69355  4.24690  2.90347  2.73739  3.18146  2.89801  2.37887  2.77519  2.98518  4.58477  3.61503
          0.00849  5.16917  5.89151  0.61958  0.77255  0.57805  0.82324
     67   2.66813  4.38735  4.88212  4.27259  2.62264  4.16123  4.49077  2.04009  4.07555  1.36711  3.50244  4.29640  4.52522  4.02390  4.11278  3.21058  1.96508  2.42722  5.00859  3.46910    143 l - - -
          2.68618  4.42225  2.77519  2.73123  3.46354  2.40513  3.72494  3.29354  2.67741  2.69355  4.24690  2.90347  2.73739  3.18146  2.89801  2.37887  2.77519  2.98518  4.58477  3.61503
          0.00849  5.16917  5.89151  0.61958  0.77255  0.57805  0.82324
     68   2.40607  4.03608  4.61171  4.01788  2.46233  2.01695  4.43437  2.87418  3.87214  2.30392  2.10533  4.16000  4.48565  4.06605  4.00074  2.33534  2.80251  2.43096  5.04886  3.86316    144 g - - -
          2.68618  4.42225  2.77519  2.73123  3.46354  2.40513  3.72494  3.29354  2.67741  2.69355  4.24690  2.90347  2.73739  3.18146  2.89801  2.37887  2.77519  2.98518  4.58477  3.61503
          0.04575  5.16917  3.24353  0.61958  0.77255  0.57805  0.82324
     69   1.33195  3.39281  4.40572  3.82075  3.56314  4.06461  3.50477  2.90863  3.70503  2.39661  3.57437  4.03844  4.43778  3.93013  3.89502  2.48057  3.20361  1.97856  5.06931  2.87839    145 a - - -
          2.68618  4.42225  2.77519  2.73123  3.46354  2.40513  3.72494  3.29354  2.67741  2.69355  4.24690  2.90347  2.73739  3.18146  2.89801  2.37887  2.77519  2.98518  4.58477  3.61503
          0.00881  5.13223  5.85458  0.61958  0.77255  0.68279  0.70361
     70   2.89033  5.42383  2.11630  1.95772  4.76051  2.88905  3.89795  4.24062  2.28140  2.96702  2.91423  3.05290  2.90189  2.99705  2.94870  2.52043  3.16438  3.50483  5.86155  4.45568    146 e - - -
          2.68618  4.42225  2.77519  2.73123  3.46354  2.40513  3.72494  3.29354  2.67741  2.69355  4.24690  2.90347  2.73739  3.18146  2.89801  2.37887  2.77519  2.98518  4.58477  3.61503
          0.00881  5.13223  5.85458  0.61958  0.77255  0.68279  0.70361
     71   2.84053  4.38737  4.91570  4.30581  1.69104  4.17606  4.50904  2.04460  4.10497  2.09840  2.92403  4.31959  2.69851  4.24604  4.13399  3.48610  2.56312  2.05105  5.01569  3.83986    147 f - - -
          2.68618  4.42225  2.77519  2.73123  3.46354  2.40513  3.72494  3.29354  2.67741  2.69355  4.24690  2.90347  2.73739  3.18146  2.89801  2.37887  2.77519  2.98518  4.58477  3.61503
          0.00881  5.13223  5.85458  0.61958  0.77255  0.68279  0.70361
     72   1.40204  4.41599  4.61800  4.02413  2.43470  4.10694  4.43007  2.84389  3.87571  2.40858  2.84118  4.15903  4.47736  4.06704  3.99909  2.99353  2.10261  2.22167  5.03759  3.85247    148 a - - -
          2.68618  4.42225  2.77519  2.73123  3.46354  2.40513  3.72494  3.29354  2.67741  2.69355  4.24690  2.90347  2.73739  3.18146  2.89801  2.37887  2.77519  2.98518  4.58477  3.61503
          0.18062  5.13223  1.83670  0.61958  0.77255  0.68279  0.70361
     73   0.91970  4.67631  4.19079  3.72492  4.32052  2.38760  4.62288  3.65064  3.67719  2.29335  4.27516  3.91705  4.31951  3.95999  3.98006  3.06684  2.26420  3.31083  5.75124  4.54434    149 a - - -
          2.68618  4.42225  2.77519  2.73123  3.46354  2.40513  3.72494  3.29354  2.67741  2.69355  4.24690  2.90347  2.73739  3.18146  2.89801  2.37887  2.77519  2.98518  4.58477  3.61503
          0.01045  4.96206  5.68441  0.61958  0.77255  1.02889  0.44224
     74   1.80320  5.42758  2.31567  2.25234  4.77127  3.31623  3.89409  4.25478  2.65917  3.74096  4.49017  2.54220  4.08167  2.99997  3.15935  1.82597  2.85315  3.82206  5.88006  4.46585    150 a - - -
          2.68618  4.42225  2.77519  2.73123  3.46354  2.40513  3.72494  3.29354  2.67741  2.69355  4.24690  2.90347  2.73739  3.18146  2.89801  2.37887  2.77519  2.98518  4.58477  3.61503
          0.01045  4.96206  5.68441  0.61958  0.77255  1.02889  0.44224
     75   2.52456  4.28349  4.75804  4.14956  2.94028  4.05248  4.38049  1.82526  2.70791  1.68647  3.39817  4.18159  4.41656  4.10565  3.99923  3.35957  3.12568  1.89791  3.62490  3.34670    151 l - - -
          2.68619  4.42226  2.77520  2.73124  3.46355  2.40513  3.72495  3.29355  2.67741  2.69356  4.24690  2.90347  2.73740  3.18147  2.89801  2.37888  2.77520  2.98501  4.58478  3.61504
          0.03365  3.51701  5.68441  0.43357  1.04466  0.32807  1.27408
     76   3.45878  4.77297  5.43329  4.85289  3.81452  4.74283  5.13297  1.12675  4.67979  1.35678  3.04555  4.89638  5.04861  4.80791  4.71499  3.19877  3.69486  1.83236  5.55780  4.40265    153 i - - -
          2.68618  4.42225  2.77519  2.73123  3.46354  2.40513  3.72494  3.29354  2.67741  2.69355  4.24690  2.90347  2.73739  3.18146  2.89801  2.37887  2.77519  2.98518  4.58477  3.61503
          0.00849  5.16917  5.89151  0.61958  0.77255  0.57805  0.82324
     77   2.35027  5.42571  2.90035  2.39898  4.75637  3.07901  2.43319  3.41141  2.27683  3.72484  4.47018  2.76326  4.12224  3.01885  3.14855  2.05718  2.56123  3.38962  5.86712  3.56579    154 s - - -
          2.68614  4.42226  2.77521  2.73124  3.46355  2.40510  3.72496  3.29346  2.67742  2.69351  4.24691  2.90348  2.73741  3.18147  2.89802  2.37888  2.77521  2.98519  4.58478  3.61504
          0.02612  4.40334  4.30145  0.79949  0.59704  0.52182  0.90002
     78   2.01739  4.94084  2.97151  2.93653  3.14032  3.02592  4.07602  3.22294  2.62821  2.85666  3.40083  3.45669  3.58337  3.07361  3.01054  2.42530  2.96025  3.09116  3.92223  2.48139    159 a - - -
          2.68611  4.42227  2.77522  2.73125  3.46356  2.40515  3.72497  3.29356  2.67743  2.69348  4.24692  2.90349  2.73742  3.18134  2.89803  2.37883  2.77522  2.98521  4.58479  3.61505
          0.02219  4.02509  5.49969  0.89681  0.52403  0.57845  0.82273
     79   2.27674  4.27567  3.12302  3.49368  2.27453  3.19490  4.37190  2.57074  3.56559  2.26479  3.52972  4.02397  3.47935  3.91016  3.88411  2.62155  2.98704  2.37917  3.04261  2.78187    164 l - - -
          2.68629  4.42248  2.77528  2.73146  3.46348  2.40536  3.72480  3.29355  2.67764  2.69254  4.24633  2.90355  2.73763  3.18169  2.89824  2.37870  2.77500  2.98498  4.58500  3.61526
          0.11270  2.26517  5.89006  1.41853  0.27716  0.58247  0.81761
     80   2.79407  4.32187  3.55645  4.09866  2.78099  4.13028  4.44921  2.56498  3.93674  1.52087  3.52832  4.20359  3.11498  4.11532  4.03525  3.42951  2.07604  2.54497  2.45944  3.46555    175 l - - -
          2.68618  4.42225  2.77519  2.73123  3.46354  2.40513  3.72494  3.29354  2.67741  2.69355  4.24690  2.90347  2.73739  3.18146  2.89801  2.37887  2.77519  2.98518  4.58477  3.61503
          0.00850  5.16771  5.89006  0.61958  0.77255  0.58247  0.81761
     81   2.67106  5.13697  3.39216  2.84645  3.92044  2.75440  4.03136  3.80446  2.78287  2.98344  4.23575  2.60419  1.27187  3.18959  3.08590  2.91462  3.21078  3.48493  5.66891  4.34235    176 p - - -
          2.68618  4.42225  2.77519  2.73123  3.46354  2.40513  3.72494  3.29354  2.67741  2.69355  4.24690  2.90347  2.73739  3.18146  2.89801  2.37887  2.77519  2.98518  4.58477  3.61503
          0.00850  5.16771  5.89006  0.61958  0.77255  0.58247  0.81761
     82   2.38223  5.42184  2.51839  2.18506  4.75119  2.46495  3.91778  4.22623  2.42627  3.11379  3.64047  2.83239  4.07136  2.83197  3.14892  2.21707  3.06321  3.24247  5.86404  3.04286    177 e - - -
          2.68618  4.42225  2.77520  2.73123  3.46354  2.40509  3.72495  3.29354  2.67741  2.69355  4.24690  2.90347  2.73740  3.18147  2.89801  2.37887  2.77520  2.98519  4.58477  3.61503
          0.01572  4.35563  5.89006  0.53111  0.88662  0.58247  0.81761
     83   2.77822  5.44422  2.41294  1.68212  4.78283  3.01397  3.06520  3.84477  2.62727  3.33269  4.48660  2.52602  3.85294  3.01123  3.14183  2.27139  2.89451  3.13073  5.88079  4.22242    179 e - - -
          2.68621  4.42228  2.77522  2.73126  3.46357  2.40515  3.72497  3.29357  2.67743  2.69358  4.24692  2.90349  2.73742  3.18149  2.89803  2.37889  2.77522  2.98521  4.58480  3.61400
          0.06936  2.74507  5.89006  0.26388  1.46129  0.58247  0.81761
     84   3.16173  4.54826  2.43374  4.32874  2.76812  4.35019  4.69465  1.50728  4.17433  2.21979  3.66364  4.13203  4.70330  4.35486  4.27306  3.66019  3.39693  1.36006  5.25180  4.06365    181 v - - -
          2.68621  4.42228  2.77522  2.73116  3.46357  2.40516  3.72497  3.29357  2.67744  2.69358  4.24693  2.90350  2.73742  3.18149  2.89804  2.37871  2.77512  2.98521  4.58480  3.61506
          0.05982  2.89508  5.89006  0.40438  1.10079  0.58247  0.81761
     85   2.54725  5.36876  3.07365  2.05011  4.67707  3.73938  3.18921  4.13791  2.41686  3.15878  2.75425  3.22266  3.54932  3.04032  2.62664  2.34082  2.36698  2.76524  5.82408  4.43647    184 e - - -
          2.68588  4.41883  2.77565  2.73168  3.46399  2.40296  3.72540  3.29279  2.67786  2.69400  4.24735  2.90392  2.73785  3.18192  2.89846  2.37909  2.77565  2.98457  4.58522  3.61548
          0.21626  1.65178  5.89006  1.51325  0.24871  0.58247  0.81761
     86   1.94934  4.47843  3.45608  3.81400  3.58367  2.81398  4.38022  2.65621  3.70229  2.39742  2.31313  4.04181  2.93123  3.93031  3.89939  3.36366  3.04191  1.72476  4.14123  3.89408    190 v - - -
          2.68618  4.42225  2.77519  2.73123  3.46354  2.40513  3.72494  3.29354  2.67741  2.69355  4.24690  2.90347  2.73739  3.18146  2.89801  2.37887  2.77519  2.98518  4.58477  3.61503
          0.00850  5.16771  5.89006  0.61958  0.77255  0.58247  0.81761
     87   1.81688  5.43321  2.77581  2.08946  4.76716  2.81700  3.51195  4.24537  2.42808  2.56859  4.47682  3.19884  3.32014  2.86416  3.09320  2.53211  2.90345  3.49272  5.87260  4.46842    191 a - - -
          2.68618  4.42225  2.77519  2.73123  3.46354  2.40513  3.72494  3.29354  2.67741  2.69355  4.24690  2.90347  2.73739  3.18146  2.89801  2.37887  2.77519  2.98518  4.58477  3.61503
          0.01032  5.16771  5.38777  0.61958  0.77255  0.58247  0.81761
     88   2.71442  5.45712  2.16294  2.13660  4.80082  2.22183  3.91052  4.28589  2.37961  3.01172  4.35818  2.90567  3.19664  3.00740  2.26151  2.73018  3.18068  3.84704  5.89053  4.48027    192 e - - -
          2.68618  4.42225  2.77519  2.73123  3.46354  2.40513  3.72494  3.29354  2.67741  2.69355  4.24690  2.90347  2.73739  3.18146  2.89801  2.37887  2.77519  2.98518  4.58477  3.61503
          0.00852  5.16590  5.88825  0.61958  0.77255  0.58792  0.81076
     89   1.98124  4.83000  3.33580  2.97444  3.99086  3.07392  4.12763  2.65177  3.06225  2.86457  3.22243  3.29071  2.43326  3.38508  3.46405  2.58619  2.76367  3.11754  2.48215  4.13005    193 a - - -
          2.68618  4.42225  2.77519  2.73123  3.46354  2.40513  3.72494  3.29354  2.67741  2.69355  4.24690  2.90347  2.73739  3.18146  2.89801  2.37887  2.77519  2.98518  4.58477  3.61503
          0.00852  5.16590  5.88825  0.61958  0.77255  0.58792  0.81076
     90   2.03032  4.43770  4.92179  4.31797  2.99411  4.22603  4.56425  1.85489  4.12938  1.74597  3.54937  4.35537  4.58699  4.28159  4.17705  2.19280  3.28795  1.84539  5.08512  3.90660    194 l - - -
          2.68618  4.42225  2.77519  2.73123  3.46354  2.40513  3.72494  3.29354  2.67741  2.69355  4.24690  2.90347  2.73739  3.18146  2.89801  2.37887  2.77519  2.98518  4.58477  3.61503
          0.00852  5.16590  5.88825  0.61958  0.77255  0.58792  0.81076
     91   3.49800  5.27858  4.78573  4.59987  3.36771  0.32185  5.16957  4.26460  4.60297  3.26668  4.98299  4.61895  4.91657  4.86162  4.78255  3.71467  3.97751  3.98263  5.79164  4.25951    195 G - - -
          2.68618  4.42225  2.77519  2.73123  3.46354  2.40513  3.72494  3.29354  2.67741  2.69355  4.24690  2.90347  2.73739  3.18146  2.89801  2.37887  2.77519  2.98518  4.58477  3.61503
          0.00852  5.16590  5.88825  0.61958  0.77255  0.58792  0.81076
     92   0.49335  5.14218  4.03598  3.70154  3.92418  4.05775  3.27968  4.01467  3.64033  3.64804  4.58464  4.01703  4.63725  4.01831  3.93920  3.46887  3.66099  3.71363  5.45642  3.34273    196 A - - -
          2.68618  4.42225  2.77519  2.73123  3.46354  2.40513  3.72494  3.29354  2.67741  2.69355  4.24690  2.90347  2.73739  3.18146  2.89801  2.37887  2.77519  2.98518  4.58477  3.61503
          0.00852  5.16590  5.88825  0.61958  0.77255  0.58792  0.81076
     93   2.99945  4.39554  4.82687  3.36654  2.13604  4.15449  4.48116  2.29654  4.03540  1.50696  3.14413  4.27083  4.51887  4.19199  4.09194  2.39142  2.63710  2.12617  5.01668  3.83770    197 l - - -
          2.68618  4.42225  2.77519  2.73123  3.46354  2.40513  3.72494  3.29354  2.67741  2.69355  4.24690  2.90347  2.73739  3.18146  2.89801  2.37887  2.77519  2.98518  4.58477  3.61503
          0.00852  5.16590  5.88825  0.61958  0.77255  0.58792  0.81076
     94   2.58260  4.80664  5.52019  4.95059  3.09257  4.83399  5.25051  1.60866  4.78629  1.52249  3.71518  4.99359  5.13250  4.92210  4.82523  4.17870  3.74908  1.15780  5.66591  4.50323    198 v - - -
          2.68618  4.42225  2.77519  2.73123  3.46354  2.40513  3.72494  3.29354  2.67741  2.69355  4.24690  2.90347  2.73739  3.18146  2.89801  2.37887  2.77519  2.98518  4.58477  3.61503
          0.00852  5.16590  5.88825  0.61958  0.77255  0.58792  0.81076
     95   1.66257  2.85003  4.58187  4.01443  3.68864  3.12459  4.51759  1.61428  3.88793  2.77927  3.69880  4.15454  4.48461  4.09709  4.04957  2.25901  2.63143  2.56564  5.19739  4.01029    199 i - - -
          2.68618  4.42225  2.77519  2.73123  3.46354  2.40513  3.72494  3.29354  2.67741  2.69355  4.24690  2.90347  2.73739  3.18146  2.89801  2.37887  2.77519  2.98518  4.58477  3.61503
          0.00852  5.16590  5.88825  0.61958  0.77255  0.58792  0.81076
     96   1.99161  5.44100  3.09108  2.44452  4.77790  3.22011  3.92697  4.25522  2.10951  3.74448  4.48947  3.20719  4.13025  3.02816  2.81783  1.43947  2.97696  3.82846  5.88387  4.48080    200 s - - -
          2.68618  4.42225  2.77519  2.73123  3.46354  2.40513  3.72494  3.29354  2.67741  2.69355  4.24690  2.90347  2.73739  3.18146  2.89801  2.37887  2.77519  2.98518  4.58477  3.61503
          0.00852  5.16590  5.88825  0.61958  0.77255  0.58792  0.81076
     97   0.87789  4.89727  4.03431  3.51944  4.53672  2.39242  4.55380  3.93313  3.49173  3.60797  3.30550  3.83914  3.60906  3.80118  3.87124  2.38291  2.57586  3.48135  5.90495  4.65964    201 a - - -
          2.68618  4.42225  2.77519  2.73123  3.46354  2.40513  3.72494  3.29354  2.67741  2.69355  4.24690  2.90347  2.73739  3.18146  2.89801  2.37887  2.77519  2.98518  4.58477  3.61503
          0.00852  5.16590  5.88825  0.61958  0.77255  0.58792  0.81076
     98   2.88696  3.10352  5.04188  4.43531  3.24703  4.27472  4.62242  2.12894  4.23077  1.39666  3.56773  4.43291  4.63236  4.36922  4.24983  3.22704  3.10383  1.38359  5.11514  3.93740    202 v - - -
          2.68618  4.42225  2.77519  2.73123  3.46354  2.40513  3.72494  3.29354  2.67741  2.69355  4.24690  2.90347  2.73739  3.18146  2.89801  2.37887  2.77519  2.98518  4.58477  3.61503
          0.00852  5.16590  5.88825  0.61958  0.77255  0.58792  0.81076
     99   1.49957  3.85474  3.80253  2.17753  3.87508  3.54174  4.19163  2.86722  3.19650  2.64697  3.83398  3.65581  4.32040  3.50408  3.56372  2.51588  2.69031  2.33662  5.31034  4.06970    203 a - - -
          2.68618  4.42225  2.77519  2.73123  3.46354  2.40513  3.72494  3.29354  2.67741  2.69355  4.24690  2.90347  2.73739  3.18146  2.89801  2.37887  2.77519  2.98518  4.58477  3.61503
          0.00852  5.16590  5.88825  0.61958  0.77255  0.58792  0.81076
    100   3.04438  4.50928  4.53836  3.94918  3.63118  4.15754  4.46993  1.90155  3.67484  2.59418  3.63199  4.14848  4.52665  4.03732  2.34201  2.93583  2.89283  1.17698  5.15095  3.95941    204 v - - -
          2.68618  4.42225  2.77519  2.73123  3.46354  2.40513  3.72494  3.29354  2.67741  2.69355  4.24690  2.90347  2.73739  3.18146  2.89801  2.37887  2.77519  2.98518  4.58477  3.61503
          0.00852  5.16590  5.88825  0.61958  0.77255  0.58792  0.81076
    101   2.66320  4.60529  3.28690  2.72843  3.96861  3.11355  3.95471  4.02165  1.89349  3.38933  4.35649  3.26160  3.99696  2.97308  1.43795  2.95957  2.54273  3.65437  5.76907  4.17967    205 r - - -
          2.68618  4.42225  2.77519  2.73123  3.46354  2.40513  3.72494  3.29354  2.67741  2.69355  4.24690  2.90347  2.73739  3.18146  2.89801  2.37887  2.77519  2.98518  4.58477  3.61503
          0.00852  5.16590  5.88825  0.61958  0.77255  0.58792  0.81076
    102   2.80464  4.53560  5.13157  4.52222  2.00276  4.36365  4.69093  1.89558  4.31608  1.25204  3.51032  4.52179  4.70436  4.43045  4.32397  3.68009  3.40626  2.17495  5.14625  2.94100    206 l - - -
          2.68618  4.42225  2.77519  2.73123  3.46354  2.40513  3.72494  3.29354  2.67741  2.69355  4.24690  2.90347  2.73739  3.18146  2.89801  2.37887  2.77519  2.98518  4.58477  3.61503
          0.03029  5.16590  3.72421  0.61958  0.77255  0.58792  0.81076
    103   3.29757  5.37020  6.06446  5.46837  2.79148  5.45650  5.73734  2.35033  5.31519  0.44711  3.03121  5.61727  5.53921  5.20133  5.25598  4.82540  4.33298  3.10993  5.81092  4.83042    207 L - - -
          2.68618  4.42225  2.77519  2.73123  3.46354  2.40513  3.72494  3.29354  2.67741  2.69355  4.24690  2.90347  2.73739  3.18146  2.89801  2.37887  2.77519  2.98518  4.58477  3.61503
          0.00870  5.14431  5.86666  0.61958  0.77255  0.65014  0.73809
    104   2.96730  4.64804  3.91249  3.34285  3.77877  3.96361  4.22261  2.45797  2.67510  2.27800  1.72927  2.54524  4.34155  3.06810  3.62082  3.16488  2.32208  2.74551  5.23512  4.00835    208 m - - -
          2.68618  4.42225  2.77519  2.73123  3.46354  2.40513  3.72494  3.29354  2.67741  2.69355  4.24690  2.90347  2.73739  3.18146  2.89801  2.37887  2.77519  2.98518  4.58477  3.61503
          0.00870  5.14431  5.86666  0.61958  0.77255  0.65014  0.73809
    105   2.22614  4.57582  4.05990  3.48647  2.68421  3.68315  4.27258  2.85384  2.43946  2.57072  2.69288  3.42804  4.37489  3.65699  2.63323  2.75573  2.68758  2.44441  4.37442  2.75108    209 a - - -
          2.68618  4.42225  2.77519  2.73123  3.46354  2.40513  3.72494  3.29354  2.67741  2.69355  4.24690  2.90347  2.73739  3.18146  2.89801  2.37887  2.77519  2.98518  4.58477  3.61503
          0.00870  5.14431  5.86666  0.61958  0.77255  0.65014  0.73809
    106   1.84480  4.43612  4.89191  4.28941  3.14382  4.22048  4.55552  1.72125  3.29607  1.52155  3.54148  4.33979  4.57990  4.26245  4.16189  3.47725  3.28304  2.04300  5.08337  3.90486    210 l - - -
          2.68618  4.42225  2.77519  2.73123  3.46354  2.40513  3.72494  3.29354  2.67741  2.69355  4.24690  2.90347  2.73739  3.18146  2.89801  2.37887  2.77519  2.98518  4.58477  3.61503
          0.01752  5.14431  4.46257  0.61958  0.77255  0.65014  0.73809
    107   2.95467  4.79304  3.67074  3.10737  3.95174  2.76956  4.12794  2.17458  3.07575  2.55969  3.49661  2.78556  4.27205  3.39651  3.12939  1.67362  2.34003  3.07926  5.36052  4.10377    211 s - - -
          2.68618  4.42225  2.77519  2.73123  3.46354  2.40513  3.72494  3.29354  2.67741  2.69355  4.24690  2.90347  2.73739  3.18146  2.89801  2.37887  2.77519  2.98518  4.58477  3.61503
          0.21095  5.13557  1.69118  0.61958  0.77255  0.67390  0.71277
    108   2.30515  5.35902  3.10143  2.18143  4.70302  3.62611  3.26169  4.18738  2.13394  3.66326  4.40024  2.55666  4.01974  2.19599  2.64418  2.20895  2.72625  3.74914  5.79177  4.38265    212 k - - -
          2.68618  4.42225  2.77519  2.73123  3.46354  2.40513  3.72494  3.29354  2.67741  2.69355  4.24690  2.90347  2.73739  3.18146  2.89801  2.37887  2.77519  2.98518  4.58477  3.61503
          0.05526  4.93536  3.06668  0.61958  0.77255  1.06961  0.42029
    109   2.87555  5.34842  3.14145  2.57774  4.69322  3.13277  3.57094  4.16412  1.71571  3.64440  3.75282  2.27970  4.03617  2.50378  1.96706  2.79101  3.10283  3.49511  5.77287  4.38343    213 k - - -
          2.68618  4.42225  2.77520  2.73123  3.46354  2.40513  3.72495  3.29354  2.67741  2.69355  4.24690  2.90347  2.73740  3.18146  2.89801  2.37884  2.77520  2.98518  4.58477  3.61503
          0.10863  4.25536  2.42194  0.55402  0.85481  0.99180  0.46348
    110   2.16251  4.33718  4.18012  3.59761  3.01817  2.87845  4.20595  2.39093  3.49474  2.21102  2.58196  3.66089  3.86283  3.73203  3.42646  2.20166  2.98663  2.23361  4.94504  3.74785    215 a - - -
          2.68618  4.42225  2.77519  2.73123  3.46354  2.40513  3.72494  3.29354  2.67741  2.69355  4.24690  2.90347  2.73739  3.18146  2.89801  2.37887  2.77519  2.98518  4.58477  3.61503
          0.14539  4.84137  2.06030  0.61958  0.77255  1.15889  0.37663
    111   2.59434  5.28076  2.30246  1.80923  4.61580  3.40974  3.74996  3.89432  2.32008  3.58216  4.32608  2.76902  3.95118  2.85114  2.98946  1.97495  3.02163  3.32239  5.71949  4.31131    216 e - - -
          2.68624  4.42244  2.77383  2.73142  3.46373  2.40511  3.72514  3.29373  2.67760  2.69374  4.24709  2.90257  2.73759  3.18165  2.89820  2.37897  2.77539  2.98537  4.58496  3.61522
          1.36785  0.46520  2.14269  0.06188  2.81338  0.94633  0.49129
    112   2.78603  4.84738  2.79653  2.71862  3.44406  3.05991  3.86413  3.20130  2.71259  3.00329  3.93207  2.99036  1.60523  3.05222  3.15673  2.86249  3.01864  3.16066  5.36968  3.39887    218 p - - -
          2.68618  4.42225  2.77519  2.73123  3.46354  2.40513  3.72494  3.29354  2.67741  2.69355  4.24690  2.90347  2.73739  3.18146  2.89801  2.37887  2.77519  2.98518  4.58477  3.61503
          0.01310  4.73787  5.46022  0.61958  0.77255  1.24460  0.33976
    113   2.78365  5.00765  2.52578  2.61244  4.25349  2.72834  3.81297  2.92315  2.58170  2.92902  4.07759  2.83637  4.00009  2.95801  2.93636  2.38657  2.00778  3.01630  5.50678  4.16613    219 t - - -
          2.68604  4.42243  2.77538  2.73142  3.46372  2.40505  3.72513  3.29363  2.67717  2.69360  4.24708  2.90359  2.73728  3.18117  2.89813  2.37854  2.77528  2.98537  4.58495  3.61521
          1.31382  0.54066  1.90485  0.06418  2.77803  1.01168  0.45194
    114   2.76745  4.22608  4.29976  3.70948  2.85945  3.28685  4.18834  2.06503  3.21429  1.55286  3.34171  3.53577  4.24942  3.78669  3.73498  2.60834  2.79459  2.47828  3.64911  3.64982    221 l - - -
          2.68620  4.42227  2.77522  2.73125  3.46356  2.40515  3.72497  3.29340  2.67743  2.69357  4.24692  2.90349  2.73742  3.18149  2.89792  2.37889  2.77512  2.98509  4.58479  3.61505
          0.03362  3.55329  5.41958  0.89681  0.52403  1.25321  0.33629
    115   2.43020  4.34672  3.04059  3.39796  1.69473  3.83409  4.11320  2.60318  3.31784  2.01132  3.45681  3.53415  3.70328  3.57816  3.58271  3.10321  3.01451  2.60486  4.93979  3.32565    226 f - - -
          2.68618  4.42225  2.77519  2.73123  3.46354  2.40513  3.72494  3.29354  2.67741  2.69355  4.24690  2.90347  2.73739  3.18146  2.89801  2.37887  2.77519  2.98518  4.58477  3.61503
          0.01328  4.72412  5.44646  0.61958  0.77255  1.10292  0.40332
    116   2.60120  5.27906  2.31741  2.21728  4.61323  3.57235  3.76063  3.53130  2.21681  3.11399  4.32267  3.04410  3.57382  2.75287  2.43384  2.00398  3.02603  3.54067  5.71821  4.31409    227 s - - -
          2.68618  4.42225  2.77519  2.73123  3.46354  2.40513  3.72494  3.29354  2.67741  2.69355  4.24690  2.90347  2.73739  3.18146  2.89801  2.37887  2.77519  2.98518  4.58477  3.61503
          0.07967  4.79051  2.68427  0.61958  0.77255  0.86692  0.54514
    117   2.82992  4.59639  3.63885  3.07193  2.82887  3.23747  4.03478  2.29190  2.41444  2.42922  3.69708  3.49615  3.64225  3.33982  1.88782  2.91794  3.06135  2.66947  5.17140  3.92887    228 r - - -
          2.68618  4.42225  2.77519  2.73123  3.46354  2.40513  3.72494  3.29354  2.67741  2.69355  4.24690  2.90347  2.73739  3.18146  2.89801  2.37887  2.77519  2.98518  4.58477  3.61503
          0.13269  4.85039  2.15036  0.61958  0.77255  1.18302  0.36579
    118   2.78379  4.22766  4.37697  3.78327  2.24454  3.55585  4.21663  2.21971  2.70923  1.69651  3.34264  3.93718  4.27378  3.83885  3.53634  3.19963  2.68337  2.47826  3.16675  3.65300    229 l - - -
          2.68618  4.42225  2.77519  2.73123  3.46354  2.40513  3.72494  3.29354  2.67741  2.69355  4.24690  2.90347  2.73739  3.18146  2.89801  2.37887  2.77519  2.98518  4.58477  3.61503
          0.03034  4.73089  3.86004  0.61958  0.77255  1.31069  0.31421
    119   3.19873  5.40430  3.64401  2.96723  4.81549  3.47116  3.89738  4.18096  1.72643  3.65319  3.65098  3.41355  4.26428  3.02345  1.03213  3.19427  3.12132  3.84126  5.74201  4.51848    230 r - - -
          2.68630  4.42217  2.77532  2.73131  3.46366  2.40472  3.72474  3.29366  2.67739  2.69367  4.24702  2.90340  2.73752  3.18156  2.89756  2.37896  2.77532  2.98531  4.58401  3.61515
          0.53507  0.94390  3.67842  0.14447  2.00608  0.55512  0.85333
    120   2.87408  5.30986  2.59565  2.30211  4.62498  1.59695  3.84966  3.43372  2.24124  3.33160  4.35865  3.13904  3.69072  2.95670  2.76548  2.85122  3.10526  3.39257  5.76071  3.88031    235 g - - -
          2.68617  4.42208  2.77523  2.73117  3.46352  2.40477  3.72503  3.29362  2.67740  2.69354  4.24698  2.90344  2.73748  3.18155  2.89809  2.37892  2.77528  2.98527  4.58485  3.61511
          0.21022  2.01392  2.88007  0.53085  0.88699  0.63883  0.75058
    121   2.88822  5.39788  2.75775  2.29766  4.74244  2.04791  3.54613  4.03778  2.20246  3.70290  4.43876  2.56324  3.25464  2.85005  2.68496  2.15250  3.06543  3.68208  5.83076  4.42001    248 g - - -
          2.68618  4.42225  2.77519  2.73123  3.46354  2.40513  3.72494  3.29354  2.67741  2.69355  4.24690  2.90347  2.73739  3.18146  2.89801  2.37887  2.77519  2.98518  4.58477  3.61503
          0.00979  5.02671  5.74906  0.61958  0.77255  0.61689  0.77571
    122   2.15266  5.26226  2.89728  2.41068  3.19328  2.27075  3.58449  3.98651  2.58408  3.11350  4.32036  2.40567  3.82144  3.04133  3.11705  2.47274  3.15224  3.22751  4.31046  3.66642    249 a - - -
          2.68619  4.42226  2.77516  2.73124  3.46355  2.40513  3.72495  3.29355  2.67741  2.69356  4.24690  2.90342  2.73740  3.18147  2.89796  2.37887  2.77520  2.98519  4.58478  3.61504
          0.05451  4.40565  3.19804  0.70885  0.67769  0.43004  1.05120
    123   2.81716  5.44141  2.21746  2.14597  4.78442  2.63193  3.50167  4.26894  2.39365  3.42116  3.87358  1.97797  3.39913  2.99439  2.78070  2.74880  3.16679  3.83094  4.03354  4.46560    253 n - - -
          2.68618  4.42225  2.77519  2.73123  3.46354  2.40513  3.72494  3.29354  2.67741  2.69355  4.24690  2.90347  2.73739  3.18146  2.89801  2.37887  2.77519  2.98518  4.58477  3.61503
          0.00875  5.13899  5.86134  0.61958  0.77255  0.41574  1.07837
    124   2.61990  4.27985  2.43553  2.18441  4.80958  2.21308  3.30003  4.29443  2.10122  3.77071  4.50718  2.64814  3.94284  2.72621  2.91649  2.80568  2.98796  3.63388  4.87800  3.37587    254 k - - -
          2.68618  4.42225  2.77519  2.73123  3.46354  2.40513  3.72494  3.29354  2.67741  2.69355  4.24690  2.90347  2.73739  3.18146  2.89801  2.37887  2.77519  2.98518  4.58477  3.61503
          0.00830  5.19127  5.91362  0.61958  0.77255  0.47237  0.97689
    125   2.76710  5.47424  2.75166  2.28679  4.81985  3.53189  3.92288  4.30617  1.55180  3.64820  4.28497  2.97448  3.41575  2.15126  2.78643  2.34363  3.05089  3.86517  5.90656  4.11026    255 k - - -
          2.68618  4.42225  2.77519  2.73123  3.46354  2.40513  3.72494  3.29354  2.67741  2.69355  4.24690  2.90347  2.73739  3.18146  2.89801  2.37887  2.77519  2.98518  4.58477  3.61503
          0.00556  5.19502        *  0.61958  0.77255  0.00000        *
//
